#Total No. of Collocate Types: 1634
#Total No. of Collocate Tokens: 4990
1	3	1	2	7.05582	solitary
2	3	2	1	7.05582	retire
3	3	2	1	7.05582	facts
4	2	1	1	6.47086	wire
5	2	1	1	6.47086	washleather
6	2	1	1	6.47086	unselfish
7	2	0	2	6.47086	tune
8	2	1	1	6.47086	tug
9	2	2	0	6.47086	tremendous
10	2	1	1	6.47086	tragedy
11	2	1	1	6.47086	toast
12	2	1	1	6.47086	ticking
13	2	1	1	6.47086	throat
14	2	1	1	6.47086	surly
15	2	1	1	6.47086	succeeding
16	2	0	2	6.47086	struggle
17	2	0	2	6.47086	station
18	2	2	0	6.47086	spoons
19	2	1	1	6.47086	spoon
20	2	1	1	6.47086	sore
21	2	1	1	6.47086	scarf
22	2	1	1	6.47086	russet
23	2	0	2	6.47086	rumours
24	2	1	1	6.47086	revolutionary
25	2	1	1	6.47086	retriever
26	2	1	1	6.47086	rationalisation
27	2	1	1	6.47086	rammed
28	2	1	1	6.47086	rack
29	2	1	1	6.47086	poses
30	2	1	1	6.47086	policeman
31	2	1	1	6.47086	petition
32	2	1	1	6.47086	pamphlet
33	2	1	1	6.47086	nondescript
34	2	1	1	6.47086	necklace
35	2	1	1	6.47086	natural
36	2	1	1	6.47086	musing
37	2	1	1	6.47086	mole
38	2	1	1	6.47086	mask
39	2	1	1	6.47086	lodge
40	2	1	1	6.47086	lie
41	2	1	1	6.47086	lesson
42	2	1	1	6.47086	hostess
43	2	1	1	6.47086	hogarth
44	2	1	1	6.47086	highly
45	2	1	1	6.47086	hambantota
46	2	1	1	6.47086	flattered
47	2	0	2	6.47086	fiend
48	2	1	1	6.47086	fastened
49	2	1	1	6.47086	duke
50	4	2	2	6.47086	drench
51	2	0	2	6.47086	dreary
52	2	1	1	6.47086	dream
53	2	1	1	6.47086	dorset
54	2	0	2	6.47086	distinct
55	2	1	1	6.47086	cure
56	2	1	1	6.47086	crows
57	2	1	1	6.47086	consult
58	2	1	1	6.47086	carnation
59	2	0	2	6.47086	brief
60	2	1	1	6.47086	blueish
61	2	1	1	6.47086	blouse
62	2	1	1	6.47086	bitter
63	2	0	2	6.47086	bedspread
64	2	1	1	6.47086	awaked
65	2	2	0	6.47086	advent
66	2	1	1	6.47086	adelphi
67	3	2	1	6.05582	wrong
68	3	0	3	6.05582	sweet
69	3	1	2	6.05582	dowdy
70	3	0	3	6.05582	cigarette
71	4	2	2	5.88590	train
72	4	0	4	5.88590	streaming
73	4	1	3	5.88590	glass
74	4	2	2	5.88590	flower
75	4	2	2	5.88590	falling
76	9	2	7	5.83343	girl
77	5	2	3	5.79279	fortnight
78	5	1	4	5.79279	failure
79	5	2	3	5.79279	boy
80	5	1	4	5.79279	bore
81	6	1	5	5.73390	piano
82	3	2	1	5.47086	writes
83	1	0	1	5.47086	womans
84	1	0	1	5.47086	wisp
85	1	0	1	5.47086	winter
86	1	1	0	5.47086	wimbore
87	1	1	0	5.47086	wiles
88	1	1	0	5.47086	wildly
89	1	1	0	5.47086	wild
90	1	0	1	5.47086	wider
91	1	1	0	5.47086	wholly
92	1	0	1	5.47086	whirl
93	1	1	0	5.47086	whines
94	1	0	1	5.47086	weight
95	1	1	0	5.47086	weekend
96	1	1	0	5.47086	webling
97	2	1	1	5.47086	wears
98	1	0	1	5.47086	watkins
99	1	1	0	5.47086	watchful
100	1	1	0	5.47086	wasted
101	1	0	1	5.47086	warmly
102	1	1	0	5.47086	warinesses
103	3	2	1	5.47086	walks
104	1	1	0	5.47086	voyage
105	1	0	1	5.47086	vouchsafed
106	1	1	0	5.47086	verberates
107	2	0	2	5.47086	veil
108	1	0	1	5.47086	veal
109	1	1	0	5.47086	vanished
110	2	2	0	5.47086	vale
111	2	1	1	5.47086	vague
112	1	1	0	5.47086	vacillate
113	1	0	1	5.47086	upsetting
114	1	1	0	5.47086	unseasonably
115	1	0	1	5.47086	uninvited
116	1	1	0	5.47086	undertaken
117	1	1	0	5.47086	underbred
118	1	0	1	5.47086	undecided
119	1	1	0	5.47086	unconstitutional
120	1	0	1	5.47086	tyranny
121	1	1	0	5.47086	typhoid
122	1	0	1	5.47086	tussle
123	1	0	1	5.47086	turpentine
124	1	1	0	5.47086	turners
125	1	1	0	5.47086	turner
126	1	1	0	5.47086	tumbled
127	1	1	0	5.47086	trusty
128	1	1	0	5.47086	true
129	1	0	1	5.47086	tropical
130	1	0	1	5.47086	triumphant
131	2	1	1	5.47086	triumph
132	1	1	0	5.47086	translating
133	1	0	1	5.47086	transition
134	1	0	1	5.47086	tranquilly
135	1	0	1	5.47086	toss
136	1	0	1	5.47086	tory
137	1	1	0	5.47086	tones
138	1	1	0	5.47086	todayâ
139	1	0	1	5.47086	tire
140	1	1	0	5.47086	tinkled
141	1	1	0	5.47086	throws
142	1	0	1	5.47086	thrill
143	1	0	1	5.47086	thousand
144	1	0	1	5.47086	third
145	1	0	1	5.47086	thinblooded
146	1	0	1	5.47086	therefore
147	1	0	1	5.47086	thaw
148	1	0	1	5.47086	tet
149	1	0	1	5.47086	terse
150	1	1	0	5.47086	terrace
151	1	0	1	5.47086	term
152	1	0	1	5.47086	telegrams
153	1	0	1	5.47086	teases
154	1	1	0	5.47086	tchekhov
155	1	0	1	5.47086	tallow
156	1	1	0	5.47086	tactfully
157	1	1	0	5.47086	sylvia
158	1	0	1	5.47086	swiss
159	1	0	1	5.47086	sweeping
160	1	0	1	5.47086	suspended
161	1	0	1	5.47086	supreme
162	1	1	0	5.47086	supplant
163	1	0	1	5.47086	supper
164	1	0	1	5.47086	superstitious
165	1	0	1	5.47086	superb
166	1	0	1	5.47086	sunny
167	1	1	0	5.47086	sulky
168	1	0	1	5.47086	sucking
169	1	0	1	5.47086	sublime
170	1	0	1	5.47086	stuffs
171	1	1	0	5.47086	stuff
172	1	0	1	5.47086	strand
173	1	0	1	5.47086	stone
174	1	0	1	5.47086	stimulus
175	2	1	1	5.47086	stick
176	1	1	0	5.47086	stern
177	1	1	0	5.47086	stella
178	1	1	0	5.47086	stein
179	1	1	0	5.47086	stately
180	1	1	0	5.47086	startled
181	1	0	1	5.47086	stamp
182	1	1	0	5.47086	squares
183	1	1	0	5.47086	spit
184	1	1	0	5.47086	spins
185	2	2	0	5.47086	sound
186	2	0	2	5.47086	sought
187	2	0	2	5.47086	son
188	1	1	0	5.47086	solemnity
189	1	0	1	5.47086	solemn
190	1	0	1	5.47086	solace
191	1	0	1	5.47086	snowstorm
192	2	1	1	5.47086	smoking
193	1	1	0	5.47086	smoked
194	1	0	1	5.47086	slower
195	1	0	1	5.47086	slipping
196	2	0	2	5.47086	slept
197	1	0	1	5.47086	slab
198	2	0	2	5.47086	sky
199	1	1	0	5.47086	skirt
200	3	1	2	5.47086	single
201	1	0	1	5.47086	signals
202	1	0	1	5.47086	sights
203	1	0	1	5.47086	sides
204	1	0	1	5.47086	shudder
205	2	2	0	5.47086	show
206	1	0	1	5.47086	shooting
207	1	1	0	5.47086	shook
208	2	2	0	5.47086	shone
209	3	2	1	5.47086	ship
210	1	0	1	5.47086	shelter
211	1	0	1	5.47086	shell
212	2	2	0	5.47086	sheep
213	1	0	1	5.47086	sharp
214	1	1	0	5.47086	sharon
215	1	0	1	5.47086	sham
216	2	0	2	5.47086	shade
217	1	0	1	5.47086	settles
218	2	0	2	5.47086	serious
219	1	1	0	5.47086	sends
220	1	0	1	5.47086	selfish
221	1	0	1	5.47086	secretly
222	1	1	0	5.47086	scraping
223	1	0	1	5.47086	scrap
224	1	0	1	5.47086	schoolboy
225	1	0	1	5.47086	scale
226	1	1	0	5.47086	satisfied
227	1	1	0	5.47086	sank
228	1	1	0	5.47086	sally
229	1	1	0	5.47086	sailing
230	1	1	0	5.47086	rump
231	1	0	1	5.47086	roundâ
232	2	0	2	5.47086	rope
233	1	0	1	5.47086	robs
234	1	1	0	5.47086	robert
235	1	0	1	5.47086	roast
236	2	1	1	5.47086	ritchie
237	2	0	2	5.47086	rise
238	1	1	0	5.47086	rights
239	2	1	1	5.47086	riding
240	1	0	1	5.47086	ride
241	2	1	1	5.47086	revived
242	1	1	0	5.47086	reverberates
243	1	0	1	5.47086	resurrection
244	1	1	0	5.47086	ress
245	1	1	0	5.47086	resisted
246	1	0	1	5.47086	request
247	1	1	0	5.47086	reports
248	1	1	0	5.47086	replaced
249	1	0	1	5.47086	remains
250	1	0	1	5.47086	relentless
251	1	0	1	5.47086	relationships
252	1	1	0	5.47086	reject
253	1	1	0	5.47086	refrain
254	1	0	1	5.47086	recommended
255	1	0	1	5.47086	reciting
256	1	1	0	5.47086	reasons
257	1	1	0	5.47086	reads
258	1	1	0	5.47086	reaches
259	1	0	1	5.47086	razor
260	1	1	0	5.47086	raw
261	1	1	0	5.47086	ravenous
262	1	0	1	5.47086	rakes
263	1	1	0	5.47086	raining
264	1	0	1	5.47086	railway
265	2	0	2	5.47086	race
266	1	0	1	5.47086	quicksilver
267	1	0	1	5.47086	quickened
268	1	1	0	5.47086	quennel
269	1	1	0	5.47086	python
270	1	1	0	5.47086	pushed
271	1	0	1	5.47086	pursed
272	3	1	2	5.47086	pull
273	1	1	0	5.47086	publish
274	1	1	0	5.47086	publicly
275	1	0	1	5.47086	psychological
276	1	0	1	5.47086	pruned
277	1	0	1	5.47086	prosy
278	1	1	0	5.47086	proposes
279	1	1	0	5.47086	proposed
280	1	0	1	5.47086	prophecy
281	1	0	1	5.47086	promenade
282	1	0	1	5.47086	prolonged
283	1	0	1	5.47086	product
284	1	1	0	5.47086	proceedings
285	1	0	1	5.47086	prided
286	1	1	0	5.47086	prevaricate
287	1	1	0	5.47086	presumably
288	1	1	0	5.47086	preparing
289	1	1	0	5.47086	precious
290	2	0	2	5.47086	powerful
291	1	0	1	5.47086	pouch
292	1	1	0	5.47086	possibly
293	1	0	1	5.47086	possible
294	2	1	1	5.47086	portrait
295	2	1	1	5.47086	poet
296	1	1	0	5.47086	plot
297	1	1	0	5.47086	pliable
298	1	1	0	5.47086	plead
299	1	0	1	5.47086	planter
300	1	1	0	5.47086	planks
301	1	0	1	5.47086	plaintive
302	1	0	1	5.47086	plain
303	1	0	1	5.47086	pier
304	1	0	1	5.47086	pie
305	1	1	0	5.47086	picks
306	1	0	1	5.47086	perquisite
307	1	0	1	5.47086	perished
308	1	1	0	5.47086	perch
309	1	0	1	5.47086	penny
310	1	0	1	5.47086	pendulous
311	1	1	0	5.47086	peggy
312	1	0	1	5.47086	peculiar
313	1	0	1	5.47086	pebbles
314	1	0	1	5.47086	peaceably
315	1	1	0	5.47086	pat
316	1	0	1	5.47086	passion
317	1	0	1	5.47086	partridge
318	1	0	1	5.47086	parenthesis
319	1	0	1	5.47086	parcel
320	1	0	1	5.47086	palmed
321	1	0	1	5.47086	palette
322	1	1	0	5.47086	painters
323	1	0	1	5.47086	painter
324	1	0	1	5.47086	paint
325	1	0	1	5.47086	pace
326	2	0	2	5.47086	overcoat
327	2	1	1	5.47086	outside
328	1	0	1	5.47086	outraged
329	1	0	1	5.47086	outlines
330	2	0	2	5.47086	organ
331	1	1	0	5.47086	orange
332	1	1	0	5.47086	omnibus
333	1	1	0	5.47086	offer
334	2	2	0	5.47086	obviously
335	1	0	1	5.47086	nursing
336	1	1	0	5.47086	nuns
337	1	0	1	5.47086	nun
338	1	0	1	5.47086	number
339	1	1	0	5.47086	novels
340	1	0	1	5.47086	none
341	2	1	1	5.47086	nobody
342	1	1	0	5.47086	nights
343	5	1	4	5.47086	nice
344	1	0	1	5.47086	newhaven
345	1	1	0	5.47086	narrower
346	1	0	1	5.47086	narrow
347	1	0	1	5.47086	nancy
348	3	0	3	5.47086	name
349	1	0	1	5.47086	muscular
350	1	1	0	5.47086	murmurs
351	1	0	1	5.47086	mummified
352	1	1	0	5.47086	mumbles
353	1	0	1	5.47086	mule
354	1	0	1	5.47086	mozart
355	1	1	0	5.47086	mount
356	1	0	1	5.47086	moor
357	6	1	5	5.47086	month
358	2	1	1	5.47086	molly
359	1	0	1	5.47086	mistake
360	1	0	1	5.47086	miniature
361	1	1	0	5.47086	millstones
362	1	1	0	5.47086	military
363	1	0	1	5.47086	mere
364	1	1	0	5.47086	memories
365	1	0	1	5.47086	megalomaniac
366	1	1	0	5.47086	mccarthy
367	1	0	1	5.47086	maupassant
368	1	0	1	5.47086	matches
369	1	1	0	5.47086	marmalade
370	1	0	1	5.47086	marchmont
371	1	0	1	5.47086	manager
372	1	0	1	5.47086	maker
373	1	1	0	5.47086	maintain
374	1	0	1	5.47086	mackerel
375	1	0	1	5.47086	machinery
376	1	0	1	5.47086	lyric
377	1	0	1	5.47086	luxury
378	1	1	0	5.47086	luxuriate
379	1	0	1	5.47086	logs
380	1	1	0	5.47086	lodged
381	1	0	1	5.47086	lizard
382	1	1	0	5.47086	listening
383	1	1	0	5.47086	list
384	1	0	1	5.47086	lioness
385	1	0	1	5.47086	links
386	1	0	1	5.47086	likable
387	1	0	1	5.47086	lightish
388	1	1	0	5.47086	lifting
389	12	0	12	5.47086	letter
390	1	0	1	5.47086	lesley
391	1	0	1	5.47086	lengths
392	1	1	0	5.47086	length
393	1	1	0	5.47086	leith
394	2	2	0	5.47086	ledged
395	2	1	1	5.47086	lean
396	1	0	1	5.47086	law
397	1	1	0	5.47086	launched
398	1	0	1	5.47086	larger
399	1	1	0	5.47086	lane
400	1	0	1	5.47086	knot
401	1	1	0	5.47086	kitchins
402	1	1	0	5.47086	justly
403	1	0	1	5.47086	jowitt
404	1	0	1	5.47086	journal
405	1	1	0	5.47086	joints
406	1	0	1	5.47086	ists
407	1	1	0	5.47086	issued
408	1	1	0	5.47086	irony
409	1	0	1	5.47086	irene
410	1	1	0	5.47086	invitations
411	1	1	0	5.47086	intermingle
412	2	1	1	5.47086	intelligent
413	1	1	0	5.47086	intellectually
414	1	0	1	5.47086	instinctive
415	2	2	0	5.47086	inscription
416	1	1	0	5.47086	infinitely
417	1	1	0	5.47086	incident
418	1	1	0	5.47086	incessantly
419	1	1	0	5.47086	improved
420	1	1	0	5.47086	impetus
421	1	0	1	5.47086	impends
422	1	0	1	5.47086	immune
423	1	1	0	5.47086	image
424	1	0	1	5.47086	ices
425	1	1	0	5.47086	ice
426	2	1	1	5.47086	hurt
427	2	0	2	5.47086	hums
428	1	0	1	5.47086	humour
429	2	1	1	5.47086	humbug
430	1	0	1	5.47086	horrid
431	1	0	1	5.47086	hole
432	1	1	0	5.47086	holborn
433	1	1	0	5.47086	historically
434	1	0	1	5.47086	historical
435	1	0	1	5.47086	hinges
436	1	1	0	5.47086	hill
437	1	1	0	5.47086	herald
438	1	0	1	5.47086	heavy
439	1	0	1	5.47086	heaver
440	1	0	1	5.47086	headachy
441	4	2	2	5.47086	headache
442	1	0	1	5.47086	hazy
443	1	0	1	5.47086	haunts
444	1	1	0	5.47086	harem
445	1	1	0	5.47086	hardys
446	1	1	0	5.47086	handedly
447	1	0	1	5.47086	halfs
448	1	1	0	5.47086	hairpins
449	1	0	1	5.47086	groan
450	1	1	0	5.47086	greedy
451	1	1	0	5.47086	gratified
452	1	1	0	5.47086	granted
453	1	0	1	5.47086	grained
454	1	0	1	5.47086	grace
455	1	1	0	5.47086	gottstalk
456	1	0	1	5.47086	goodtempered
457	1	1	0	5.47086	goochâ
458	1	1	0	5.47086	glowing
459	1	1	0	5.47086	glasses
460	2	1	1	5.47086	gift
461	1	1	0	5.47086	gentlemen
462	1	1	0	5.47086	genji
463	1	1	0	5.47086	gemlike
464	1	1	0	5.47086	gathorne
465	1	0	1	5.47086	galsworthy
466	1	1	0	5.47086	gain
467	1	1	0	5.47086	furniture
468	1	0	1	5.47086	funerals
469	1	0	1	5.47086	function
470	1	0	1	5.47086	fry
471	1	0	1	5.47086	friend
472	1	0	1	5.47086	fraud
473	1	1	0	5.47086	franklin
474	1	0	1	5.47086	frame
475	1	1	0	5.47086	foretold
476	1	0	1	5.47086	folded
477	1	0	1	5.47086	flying
478	1	0	1	5.47086	flutter
479	1	0	1	5.47086	flourish
480	1	0	1	5.47086	flock
481	6	1	5	5.47086	flat
482	1	0	1	5.47086	flamboyant
483	1	0	1	5.47086	fishing
484	1	0	1	5.47086	fished
485	1	1	0	5.47086	filed
486	1	0	1	5.47086	fighting
487	2	0	2	5.47086	fields
488	1	0	1	5.47086	feminist
489	2	2	0	5.47086	fell
490	1	0	1	5.47086	feat
491	1	0	1	5.47086	fear
492	1	0	1	5.47086	fawned
493	1	0	1	5.47086	farm
494	1	1	0	5.47086	fantastically
495	1	0	1	5.47086	fanatical
496	1	0	1	5.47086	fanatic
497	1	0	1	5.47086	faithful
498	1	0	1	5.47086	faint
499	1	1	0	5.47086	expressed
500	1	1	0	5.47086	explain
501	1	1	0	5.47086	expects
502	2	0	2	5.47086	excepting
503	1	0	1	5.47086	exaggerated
504	3	1	2	5.47086	essays
505	1	1	0	5.47086	escaped
506	1	0	1	5.47086	enthusiastically
507	2	1	1	5.47086	enthusiastic
508	1	0	1	5.47086	enthusiast
509	2	0	2	5.47086	ensured
510	1	1	0	5.47086	enmeshed
511	1	1	0	5.47086	enjoys
512	1	1	0	5.47086	enjoyable
513	1	0	1	5.47086	engagements
514	1	0	1	5.47086	enclosing
515	1	0	1	5.47086	emotion
516	1	0	1	5.47086	electric
517	1	1	0	5.47086	eing
518	1	1	0	5.47086	efficient
519	1	0	1	5.47086	edition
520	1	0	1	5.47086	ear
521	1	1	0	5.47086	dusky
522	3	1	2	5.47086	dumb
523	1	1	0	5.47086	duckworth
524	1	0	1	5.47086	drifting
525	1	0	1	5.47086	dramatisation
526	1	0	1	5.47086	dozen
527	2	1	1	5.47086	double
528	1	1	0	5.47086	dotty
529	1	0	1	5.47086	dose
530	1	0	1	5.47086	doormat
531	2	0	2	5.47086	dome
532	1	0	1	5.47086	diver
533	1	1	0	5.47086	distilled
534	1	0	1	5.47086	distant
535	1	1	0	5.47086	distances
536	1	0	1	5.47086	dissatisfaction
537	1	1	0	5.47086	dispose
538	1	0	1	5.47086	discussion
539	1	1	0	5.47086	discomfort
540	1	1	0	5.47086	disagreed
541	1	1	0	5.47086	dimly
542	1	0	1	5.47086	diminution
543	1	0	1	5.47086	dim
544	1	0	1	5.47086	diamond
545	2	1	1	5.47086	dialogue
546	1	1	0	5.47086	dial
547	1	1	0	5.47086	devastating
548	1	0	1	5.47086	detested
549	1	1	0	5.47086	despair
550	1	1	0	5.47086	deprecating
551	1	1	0	5.47086	deliberate
552	1	0	1	5.47086	deck
553	1	0	1	5.47086	debate
554	6	0	6	5.47086	deal
555	1	0	1	5.47086	deadlock
556	1	1	0	5.47086	dash
557	1	1	0	5.47086	darwins
558	1	0	1	5.47086	dangerously
559	1	0	1	5.47086	cynical
560	1	0	1	5.47086	cycled
561	1	0	1	5.47086	cutting
562	1	1	0	5.47086	cured
563	1	0	1	5.47086	curbed
564	1	0	1	5.47086	cups
565	2	0	2	5.47086	cup
566	1	0	1	5.47086	cultivated
567	1	0	1	5.47086	cud
568	1	1	0	5.47086	crushes
569	1	1	0	5.47086	crowding
570	1	0	1	5.47086	criticise
571	1	0	1	5.47086	creditable
572	1	1	0	5.47086	creates
573	1	1	0	5.47086	creaks
574	1	0	1	5.47086	crawling
575	1	1	0	5.47086	cowper
576	1	0	1	5.47086	cow
577	1	0	1	5.47086	covey
578	1	1	0	5.47086	correspondence
579	1	0	1	5.47086	corner
580	1	0	1	5.47086	cordiality
581	1	1	0	5.47086	copper
582	1	0	1	5.47086	constricted
583	1	0	1	5.47086	considerate
584	1	0	1	5.47086	confusion
585	1	1	0	5.47086	confused
586	1	0	1	5.47086	confession
587	1	0	1	5.47086	condemns
588	1	1	0	5.47086	condemned
589	2	2	0	5.47086	concentrate
590	1	1	0	5.47086	composing
591	1	0	1	5.47086	component
592	1	0	1	5.47086	compliment
593	1	1	0	5.47086	comparison
594	1	0	1	5.47086	commonplace
595	1	1	0	5.47086	committee
596	1	1	0	5.47086	committed
597	1	0	1	5.47086	comeliness
598	1	0	1	5.47086	combination
599	1	0	1	5.47086	colourlessness
600	1	0	1	5.47086	collisionâ
601	1	1	0	5.47086	collect
602	1	1	0	5.47086	collar
603	1	1	0	5.47086	colefaxes
604	1	1	0	5.47086	coast
605	1	0	1	5.47086	coal
606	2	0	2	5.47086	clutch
607	2	1	1	5.47086	club
608	1	0	1	5.47086	cloistered
609	1	1	0	5.47086	clinic
610	1	1	0	5.47086	cigarettes
611	1	1	0	5.47086	christmas
612	1	1	0	5.47086	christabel
613	1	1	0	5.47086	choice
614	1	0	1	5.47086	chocolates
615	3	1	2	5.47086	chin
616	1	1	0	5.47086	chimed
617	3	1	2	5.47086	child
618	1	0	1	5.47086	chewing
619	1	1	0	5.47086	ceylon
620	1	1	0	5.47086	century
621	1	0	1	5.47086	celebrated
622	1	0	1	5.47086	cat
623	2	1	1	5.47086	cassis
624	1	0	1	5.47086	cart
625	1	1	0	5.47086	carrington
626	1	0	1	5.47086	carmichael
627	1	0	1	5.47086	card
628	1	0	1	5.47086	capital
629	1	0	1	5.47086	candle
630	1	0	1	5.47086	candidate
631	1	0	1	5.47086	buttery
632	4	1	3	5.47086	bus
633	1	0	1	5.47086	bunch
634	1	1	0	5.47086	bull
635	1	0	1	5.47086	buckingham
636	1	1	0	5.47086	bred
637	1	0	1	5.47086	breaks
638	1	0	1	5.47086	breakdown
639	1	1	0	5.47086	bread
640	1	0	1	5.47086	brazilian
641	1	1	0	5.47086	bovine
642	1	0	1	5.47086	boundless
643	5	5	0	5.47086	bought
644	1	0	1	5.47086	bottle
645	1	0	1	5.47086	bookâ
646	1	1	0	5.47086	bone
647	1	0	1	5.47086	bold
648	1	0	1	5.47086	boast
649	1	1	0	5.47086	bluebottles
650	1	0	1	5.47086	blowing
651	1	0	1	5.47086	blind
652	2	1	1	5.47086	blank
653	2	2	0	5.47086	blackmore
654	4	1	3	5.47086	bit
655	1	0	1	5.47086	birds
656	1	1	0	5.47086	berlioz
657	2	2	0	5.47086	begun
658	1	1	0	5.47086	bedroom
659	1	0	1	5.47086	bear
660	2	0	2	5.47086	barrel
661	1	0	1	5.47086	balls
662	1	0	1	5.47086	ball
663	1	1	0	5.47086	await
664	1	0	1	5.47086	autumn
665	1	1	0	5.47086	automobile
666	1	1	0	5.47086	automatically
667	1	1	0	5.47086	august
668	1	0	1	5.47086	atrocity
669	1	0	1	5.47086	atrocious
670	1	1	0	5.47086	astonishingly
671	1	1	0	5.47086	association
672	1	1	0	5.47086	assertiveness
673	1	1	0	5.47086	assertive
674	1	1	0	5.47086	asleep
675	1	1	0	5.47086	articulate
676	1	0	1	5.47086	arrangement
677	1	0	1	5.47086	aristocrat
678	1	0	1	5.47086	arduous
679	1	1	0	5.47086	apostles
680	1	1	0	5.47086	apelike
681	1	1	0	5.47086	anonymity
682	1	0	1	5.47086	ann
683	1	1	0	5.47086	anguished
684	1	1	0	5.47086	angevin
685	2	1	1	5.47086	angelica
686	1	1	0	5.47086	ancestral
687	1	0	1	5.47086	amusement
688	1	1	0	5.47086	amsay
689	1	1	0	5.47086	amphibious
690	2	1	1	5.47086	american
691	1	1	0	5.47086	ages
692	1	1	0	5.47086	afford
693	1	1	0	5.47086	advice
694	1	1	0	5.47086	advantage
695	1	0	1	5.47086	accident
696	1	0	1	5.47086	accepts
697	6	1	5	5.24847	page
698	5	0	5	5.20783	writer
699	5	3	2	5.20783	rain
700	4	0	4	5.14893	windy
701	4	2	2	5.14893	warm
702	4	1	3	5.14893	person
703	4	2	2	5.14893	bad
704	3	0	3	5.05582	wet
705	3	1	2	5.05582	view
706	3	2	1	5.05582	thick
707	3	0	3	5.05582	spirited
708	3	0	3	5.05582	sees
709	3	0	3	5.05582	queer
710	3	0	3	5.05582	note
711	3	1	2	5.05582	nose
712	3	0	3	5.05582	holiday
713	3	1	2	5.05582	head
714	3	0	3	5.05582	garden
715	3	1	2	5.05582	fog
716	3	2	1	5.05582	able
717	14	3	11	5.03029	day
718	16	1	15	5.01143	woman
719	5	3	2	4.98544	young
720	5	0	5	4.98544	world
721	5	0	5	4.98544	kind
722	17	4	13	4.97336	week
723	7	0	7	4.95629	few
724	2	2	0	4.88590	wandering
725	2	1	1	4.88590	tired
726	2	1	1	4.88590	three
727	2	1	1	4.88590	tail
728	2	2	0	4.88590	table
729	2	0	2	4.88590	success
730	2	2	0	4.88590	striking
731	2	0	2	4.88590	strange
732	2	0	2	4.88590	stage
733	2	1	1	4.88590	spring
734	2	0	2	4.88590	skeleton
735	2	0	2	4.88590	sign
736	2	0	2	4.88590	shock
737	2	0	2	4.88590	sea
738	2	1	1	4.88590	richmond
739	2	2	0	4.88590	refusing
740	2	1	1	4.88590	praised
741	2	1	1	4.88590	post
742	2	0	2	4.88590	poem
743	4	2	2	4.88590	picture
744	2	1	1	4.88590	philip
745	2	2	0	4.88590	ott
746	2	1	1	4.88590	mood
747	2	0	2	4.88590	managed
748	2	2	0	4.88590	loved
749	2	0	2	4.88590	knowing
750	2	0	2	4.88590	journey
751	2	0	2	4.88590	interview
752	2	2	0	4.88590	infinite
753	4	2	2	4.88590	himself
754	2	2	0	4.88590	grind
755	2	1	1	4.88590	francis
756	2	1	1	4.88590	france
757	2	0	2	4.88590	fill
758	2	0	2	4.88590	chilly
759	2	0	2	4.88590	brilliant
760	2	1	1	4.88590	becomes
761	11	4	7	4.84283	man
762	33	2	31	4.84283	little
763	5	4	1	4.79279	top
764	10	3	7	4.79279	house
765	5	4	1	4.79279	bed
766	3	3	0	4.73390	wishes
767	6	3	3	4.73390	under
768	3	2	1	4.73390	took
769	3	1	2	4.73390	together
770	3	2	1	4.73390	sent
771	3	0	3	4.73390	screen
772	3	2	1	4.73390	parties
773	3	3	0	4.73390	news
774	3	0	3	4.73390	lovely
775	3	3	0	4.73390	ill
776	3	3	0	4.73390	getting
777	3	1	2	4.73390	early
778	3	0	3	4.73390	damp
779	3	0	3	4.73390	crowd
780	3	1	2	4.73390	brown
781	4	1	3	4.66351	story
782	4	0	4	4.66351	nervous
783	9	5	4	4.64079	room
784	14	1	13	4.63436	good
785	5	3	2	4.62287	pen
786	5	0	5	4.62287	chair
787	5	5	0	4.62287	buy
788	9	0	9	4.55332	sense
789	1	0	1	4.47086	york
790	1	0	1	4.47086	yellow
791	1	1	0	4.47086	woke
792	1	1	0	4.47086	wits
793	5	1	4	4.47086	white
794	1	0	1	4.47086	waspish
795	2	2	0	4.47086	violet
796	2	1	1	4.47086	viola
797	1	0	1	4.47086	via
798	2	0	2	4.47086	vast
799	3	1	2	4.47086	vanity
800	1	1	0	4.47086	vaguely
801	1	0	1	4.47086	unhappy
802	1	1	0	4.47086	uneasy
803	1	0	1	4.47086	thomas
804	1	1	0	4.47086	thither
805	1	1	0	4.47086	theirs
806	1	1	0	4.47086	thank
807	1	1	0	4.47086	test
808	1	0	1	4.47086	terrific
809	1	0	1	4.47086	telephones
810	1	1	0	4.47086	teeth
811	2	1	1	4.47086	tall
812	1	1	0	4.47086	sympathetic
813	2	0	2	4.47086	sudden
814	1	0	1	4.47086	successful
815	1	0	1	4.47086	style
816	1	1	0	4.47086	study
817	1	0	1	4.47086	strikes
818	2	0	2	4.47086	strain
819	1	1	0	4.47086	strachey
820	1	0	1	4.47086	stout
821	1	0	1	4.47086	stones
822	1	1	0	4.47086	stiff
823	2	1	1	4.47086	steady
824	1	0	1	4.47086	staying
825	7	3	4	4.47086	state
826	2	0	2	4.47086	start
827	1	1	0	4.47086	stands
828	1	1	0	4.47086	spruce
829	1	0	1	4.47086	spiritual
830	2	2	0	4.47086	spent
831	1	0	1	4.47086	spends
832	1	0	1	4.47086	spectacle
833	1	1	0	4.47086	speaking
834	1	0	1	4.47086	spasm
835	1	0	1	4.47086	space
836	1	0	1	4.47086	sordid
837	3	1	2	4.47086	society
838	1	0	1	4.47086	sits
839	1	0	1	4.47086	simple
840	1	1	0	4.47086	shapes
841	1	0	1	4.47086	secret
842	1	0	1	4.47086	season
843	1	0	1	4.47086	schoolgirl
844	3	1	2	4.47086	scarcely
845	1	1	0	4.47086	saxon
846	1	0	1	4.47086	roneo
847	1	0	1	4.47086	roll
848	1	0	1	4.47086	ridiculous
849	1	0	1	4.47086	rich
850	1	1	0	4.47086	result
851	1	0	1	4.47086	relationship
852	1	0	1	4.47086	registered
853	1	0	1	4.47086	real
854	1	0	1	4.47086	raised
855	1	1	0	4.47086	quit
856	1	1	0	4.47086	quincey
857	1	0	1	4.47086	qualities
858	1	0	1	4.47086	problem
859	1	0	1	4.47086	prize
860	1	1	0	4.47086	plays
861	2	1	1	4.47086	played
862	1	0	1	4.47086	plan
863	1	1	0	4.47086	pinker
864	2	0	2	4.47086	peace
865	1	0	1	4.47086	passed
866	1	1	0	4.47086	papers
867	3	1	2	4.47086	pale
868	1	0	1	4.47086	palace
869	1	0	1	4.47086	pain
870	1	1	0	4.47086	ourselves
871	1	0	1	4.47086	opened
872	1	0	1	4.47086	official
873	1	1	0	4.47086	occasion
874	1	0	1	4.47086	obliterated
875	1	0	1	4.47086	nuisance
876	1	1	0	4.47086	noticed
877	1	1	0	4.47086	norfolk
878	1	0	1	4.47086	noble
879	1	0	1	4.47086	needed
880	1	0	1	4.47086	narrative
881	1	1	0	4.47086	mystic
882	1	0	1	4.47086	move
883	1	0	1	4.47086	mornings
884	4	2	2	4.47086	money
885	1	1	0	4.47086	moments
886	1	1	0	4.47086	melancholy
887	2	1	1	4.47086	means
888	1	0	1	4.47086	masterpiece
889	1	1	0	4.47086	marshall
890	1	0	1	4.47086	marked
891	1	0	1	4.47086	lust
892	1	1	0	4.47086	lunching
893	5	2	3	4.47086	looking
894	1	0	1	4.47086	lock
895	1	0	1	4.47086	lizabe
896	1	0	1	4.47086	lips
897	1	1	0	4.47086	liked
898	1	0	1	4.47086	lies
899	1	1	0	4.47086	library
900	1	0	1	4.47086	liberty
901	1	1	0	4.47086	learn
902	1	0	1	4.47086	lead
903	1	0	1	4.47086	ld
904	2	0	2	4.47086	joy
905	1	0	1	4.47086	journalist
906	2	1	1	4.47086	john
907	1	1	0	4.47086	interrupted
908	1	0	1	4.47086	interest
909	2	1	1	4.47086	intense
910	1	1	0	4.47086	instinct
911	2	2	0	4.47086	instance
912	1	0	1	4.47086	individuality
913	1	1	0	4.47086	inclined
914	1	0	1	4.47086	impression
915	1	1	0	4.47086	idea
916	1	0	1	4.47086	hurry
917	1	0	1	4.47086	hotel
918	1	0	1	4.47086	hither
919	1	1	0	4.47086	held
920	1	0	1	4.47086	hat
921	1	1	0	4.47086	happened
922	1	0	1	4.47086	ham
923	2	0	2	4.47086	habit
924	2	2	0	4.47086	greece
925	1	0	1	4.47086	gould
926	3	2	1	4.47086	gives
927	1	1	0	4.47086	george
928	1	0	1	4.47086	gay
929	1	1	0	4.47086	gave
930	1	0	1	4.47086	gallery
931	1	1	0	4.47086	fringed
932	1	1	0	4.47086	friendly
933	1	0	1	4.47086	freedom
934	1	1	0	4.47086	frankie
935	1	1	0	4.47086	frances
936	1	1	0	4.47086	forgotten
937	1	0	1	4.47086	fool
938	1	0	1	4.47086	flourishing
939	1	0	1	4.47086	floating
940	1	0	1	4.47086	fling
941	1	1	0	4.47086	fix
942	2	0	2	4.47086	fire
943	1	0	1	4.47086	finger
944	1	0	1	4.47086	final
945	1	1	0	4.47086	feels
946	3	2	1	4.47086	feelings
947	1	0	1	4.47086	fan
948	1	1	0	4.47086	failed
949	2	2	0	4.47086	face
950	1	0	1	4.47086	eyed
951	1	1	0	4.47086	eye
952	1	0	1	4.47086	eternal
953	1	1	0	4.47086	established
954	2	1	1	4.47086	entirely
955	2	2	0	4.47086	enjoyed
956	1	1	0	4.47086	ends
957	3	2	1	4.47086	eddy
958	1	0	1	4.47086	eccentric
959	1	0	1	4.47086	ease
960	3	2	1	4.47086	each
961	1	0	1	4.47086	drink
962	3	3	0	4.47086	dressed
963	1	0	1	4.47086	doubts
964	2	2	0	4.47086	distinction
965	2	1	1	4.47086	disillusionment
966	1	1	0	4.47086	directly
967	1	0	1	4.47086	direct
968	1	1	0	4.47086	depressing
969	1	1	0	4.47086	definite
970	1	0	1	4.47086	deaf
971	1	0	1	4.47086	cycle
972	1	0	1	4.47086	crumb
973	1	0	1	4.47086	creature
974	1	0	1	4.47086	cool
975	1	0	1	4.47086	control
976	1	1	0	4.47086	continues
977	1	0	1	4.47086	contain
978	1	0	1	4.47086	complained
979	5	3	2	4.47086	cold
980	3	2	1	4.47086	coat
981	2	1	1	4.47086	cloud
982	1	0	1	4.47086	close
983	1	0	1	4.47086	clock
984	1	0	1	4.47086	clearer
985	1	0	1	4.47086	classic
986	2	0	2	4.47086	church
987	1	0	1	4.47086	chicken
988	1	0	1	4.47086	chatter
989	1	1	0	4.47086	carefully
990	2	0	2	4.47086	car
991	1	0	1	4.47086	capable
992	1	1	0	4.47086	cancer
993	2	2	0	4.47086	calls
994	1	1	0	4.47086	broken
995	1	0	1	4.47086	broadcaster
996	1	0	1	4.47086	bringing
997	1	1	0	4.47086	breezy
998	1	0	1	4.47086	bored
999	2	0	2	4.47086	bob
1000	1	0	1	4.47086	board
1001	1	0	1	4.47086	blooded
1002	1	1	0	4.47086	blood
1003	4	1	3	4.47086	black
1004	1	0	1	4.47086	big
1005	2	0	2	4.47086	bell
1006	1	1	0	4.47086	basement
1007	1	0	1	4.47086	bank
1008	2	1	1	4.47086	asks
1009	1	1	0	4.47086	ashton
1010	1	0	1	4.47086	arthur
1011	1	0	1	4.47086	arrived
1012	1	0	1	4.47086	arguing
1013	2	2	0	4.47086	april
1014	1	1	0	4.47086	amazing
1015	1	1	0	4.47086	aged
1016	1	0	1	4.47086	affairs
1017	9	5	4	4.39286	went
1018	17	6	11	4.38840	book
1019	6	0	6	4.35538	party
1020	6	3	3	4.35538	lady
1021	6	3	3	4.35538	character
1022	29	13	16	4.35156	very
1023	5	2	3	4.33336	quiet
1024	5	3	2	4.33336	doing
1025	5	3	2	4.33336	called
1026	4	2	2	4.30094	street
1027	4	2	2	4.30094	mean
1028	4	3	1	4.30094	anyhow
1029	11	2	9	4.28644	new
1030	40	29	11	4.28500	like
1031	14	2	12	4.27822	great
1032	3	2	1	4.24847	whether
1033	3	3	0	4.24847	waiting
1034	3	2	1	4.24847	used
1035	3	1	2	4.24847	review
1036	3	1	2	4.24847	motor
1037	6	4	2	4.24847	eyes
1038	3	1	2	4.24847	dress
1039	3	2	1	4.24847	charm
1040	3	2	1	4.24847	bring
1041	3	1	2	4.24847	air
1042	2	0	2	4.14893	wonder
1043	2	1	1	4.14893	watch
1044	2	1	1	4.14893	thats
1045	2	0	2	4.14893	telephone
1046	4	2	2	4.14893	sitting
1047	2	1	1	4.14893	self
1048	2	1	1	4.14893	printing
1049	4	4	0	4.14893	press
1050	2	1	1	4.14893	others
1051	2	2	0	4.14893	murry
1052	4	3	1	4.14893	might
1053	6	3	3	4.14893	made
1054	6	0	6	4.14893	long
1055	2	2	0	4.14893	jacob
1056	2	2	0	4.14893	hardly
1057	4	3	1	4.14893	father
1058	2	1	1	4.14893	faced
1059	2	1	1	4.14893	easy
1060	2	0	2	4.14893	curious
1061	4	1	3	4.14893	cant
1062	2	1	1	4.14893	business
1063	2	1	1	4.14893	brace
1064	2	1	1	4.14893	art
1065	4	3	1	4.14893	alone
1066	4	1	3	4.14893	ago
1067	11	9	2	4.12294	make
1068	7	7	0	4.10829	take
1069	3	1	2	4.05582	novel
1070	3	3	0	4.05582	mother
1071	3	0	3	4.05582	dull
1072	6	4	2	4.05582	dinner
1073	3	1	2	4.05582	dine
1074	3	2	1	4.05582	become
1075	4	2	2	4.01143	nation
1076	57	38	19	4.00913	for
1077	5	1	4	3.98544	where
1078	12	6	6	3.96836	get
1079	7	2	5	3.95629	tea
1080	4	3	1	3.88590	yesterday
1081	1	1	0	3.88590	worn
1082	1	0	1	3.88590	wood
1083	1	0	1	3.88590	wonderful
1084	5	2	3	3.88590	without
1085	1	1	0	3.88590	wind
1086	2	1	1	3.88590	while
1087	1	1	0	3.88590	ways
1088	1	0	1	3.88590	walking
1089	4	1	3	3.88590	walk
1090	1	1	0	3.88590	wake
1091	1	1	0	3.88590	twice
1092	2	2	0	3.88590	try
1093	1	1	0	3.88590	towards
1094	1	0	1	3.88590	thrown
1095	1	1	0	3.88590	those
1096	1	0	1	3.88590	theory
1097	1	1	0	3.88590	taking
1098	1	1	0	3.88590	sunk
1099	1	0	1	3.88590	subject
1100	1	1	0	3.88590	streets
1101	1	0	1	3.88590	stale
1102	1	1	0	3.88590	spin
1103	1	0	1	3.88590	someone
1104	1	0	1	3.88590	solid
1105	1	0	1	3.88590	soft
1106	1	0	1	3.88590	sofa
1107	1	1	0	3.88590	snow
1108	1	0	1	3.88590	slip
1109	1	0	1	3.88590	sight
1110	1	0	1	3.88590	shut
1111	1	0	1	3.88590	showing
1112	2	2	0	3.88590	seriously
1113	1	0	1	3.88590	sentences
1114	3	0	3	3.88590	second
1115	1	1	0	3.88590	running
1116	1	1	0	3.88590	returning
1117	2	2	0	3.88590	rest
1118	1	1	0	3.88590	relish
1119	3	2	1	3.88590	red
1120	1	0	1	3.88590	rage
1121	1	0	1	3.88590	quick
1122	1	0	1	3.88590	quarrel
1123	1	0	1	3.88590	pure
1124	2	2	0	3.88590	probably
1125	1	0	1	3.88590	praise
1126	1	0	1	3.88590	pleased
1127	1	0	1	3.88590	playing
1128	1	0	1	3.88590	piece
1129	1	0	1	3.88590	paying
1130	1	1	0	3.88590	park
1131	1	0	1	3.88590	operation
1132	1	0	1	3.88590	november
1133	1	1	0	3.88590	needs
1134	1	1	0	3.88590	need
1135	1	1	0	3.88590	nearly
1136	1	0	1	3.88590	music
1137	1	0	1	3.88590	marriage
1138	2	1	1	3.88590	march
1139	1	0	1	3.88590	manner
1140	1	0	1	3.88590	lived
1141	4	1	3	3.88590	light
1142	3	2	1	3.88590	let
1143	4	2	2	3.88590	less
1144	1	0	1	3.88590	laugh
1145	2	0	2	3.88590	labour
1146	1	0	1	3.88590	knew
1147	1	0	1	3.88590	kissed
1148	2	1	1	3.88590	kept
1149	1	1	0	3.88590	keep
1150	5	3	2	3.88590	just
1151	2	2	0	3.88590	june
1152	1	1	0	3.88590	invent
1153	1	1	0	3.88590	intimate
1154	1	1	0	3.88590	instead
1155	1	1	0	3.88590	india
1156	1	1	0	3.88590	impossible
1157	1	0	1	3.88590	imagination
1158	2	0	2	3.88590	ideas
1159	1	0	1	3.88590	hysterical
1160	2	1	1	3.88590	hour
1161	2	0	2	3.88590	hope
1162	1	1	0	3.88590	honestly
1163	6	3	3	3.88590	home
1164	7	2	5	3.88590	having
1165	1	1	0	3.88590	haunted
1166	1	0	1	3.88590	harcourt
1167	2	1	1	3.88590	half
1168	1	1	0	3.88590	grizzle
1169	1	1	0	3.88590	green
1170	1	1	0	3.88590	glow
1171	1	1	0	3.88590	fruit
1172	21	5	16	3.88590	from
1173	1	0	1	3.88590	fresh
1174	1	0	1	3.88590	freely
1175	1	0	1	3.88590	flowers
1176	3	1	2	3.88590	finished
1177	1	0	1	3.88590	fingers
1178	1	1	0	3.88590	fault
1179	1	0	1	3.88590	famous
1180	2	1	1	3.88590	exciting
1181	1	1	0	3.88590	english
1182	1	0	1	3.88590	emotions
1183	1	1	0	3.88590	eliot
1184	1	1	0	3.88590	either
1185	1	0	1	3.88590	effort
1186	2	0	2	3.88590	edith
1187	1	0	1	3.88590	edge
1188	1	0	1	3.88590	dying
1189	1	1	0	3.88590	dulness
1190	1	1	0	3.88590	driving
1191	1	0	1	3.88590	dread
1192	1	0	1	3.88590	dottie
1193	1	0	1	3.88590	disgraceful
1194	1	0	1	3.88590	discussed
1195	1	1	0	3.88590	dickinson
1196	1	0	1	3.88590	detest
1197	2	1	1	3.88590	desire
1198	1	0	1	3.88590	daresay
1199	1	0	1	3.88590	dare
1200	1	0	1	3.88590	covers
1201	1	0	1	3.88590	cook
1202	1	0	1	3.88590	consider
1203	1	0	1	3.88590	commons
1204	1	0	1	3.88590	colourless
1205	1	1	0	3.88590	coloured
1206	1	0	1	3.88590	charming
1207	1	0	1	3.88590	chapter
1208	1	0	1	3.88590	certain
1209	1	1	0	3.88590	cartwright
1210	1	1	0	3.88590	cape
1211	1	1	0	3.88590	calling
1212	1	0	1	3.88590	british
1213	1	1	0	3.88590	brings
1214	2	0	2	3.88590	break
1215	1	0	1	3.88590	boxes
1216	1	0	1	3.88590	box
1217	1	0	1	3.88590	blue
1218	1	1	0	3.88590	better
1219	1	1	0	3.88590	baker
1220	1	0	1	3.88590	avoid
1221	1	1	0	3.88590	autobiography
1222	4	4	0	3.88590	also
1223	2	0	2	3.88590	already
1224	1	0	1	3.88590	affable
1225	22	17	5	3.84283	had
1226	13	6	7	3.81375	they
1227	5	1	4	3.79279	whole
1228	5	1	4	3.79279	moment
1229	36	19	17	3.78281	then
1230	10	7	3	3.74840	us
1231	6	4	2	3.73390	work
1232	3	2	1	3.73390	tonight
1233	3	2	1	3.73390	seen
1234	3	1	2	3.73390	question
1235	3	1	2	3.73390	far
1236	3	2	1	3.73390	children
1237	19	10	9	3.69642	or
1238	45	26	19	3.68659	she
1239	150	56	94	3.67454	of
1240	27	17	10	3.67116	now
1241	2	2	0	3.66351	worth
1242	4	2	2	3.66351	word
1243	2	0	2	3.66351	water
1244	2	1	1	3.66351	virginia
1245	2	1	1	3.66351	sunday
1246	2	2	0	3.66351	sun
1247	2	1	1	3.66351	stay
1248	2	1	1	3.66351	record
1249	4	3	1	3.66351	once
1250	4	3	1	3.66351	next
1251	2	1	1	3.66351	mr
1252	2	1	1	3.66351	hard
1253	2	2	0	3.66351	hand
1254	4	2	2	3.66351	got
1255	2	2	0	3.66351	glad
1256	2	0	2	3.66351	every
1257	2	1	1	3.66351	country
1258	2	0	2	3.66351	asking
1259	4	3	1	3.66351	almost
1260	11	2	9	3.64489	life
1261	5	3	2	3.62287	because
1262	3	2	1	3.59639	ve
1263	3	3	0	3.59639	told
1264	9	7	2	3.59639	than
1265	3	2	1	3.59639	really
1266	3	1	2	3.59639	oh
1267	3	2	1	3.59639	brain
1268	3	2	1	3.59639	believe
1269	22	4	18	3.59044	which
1270	4	2	2	3.56397	still
1271	4	3	1	3.56397	maynard
1272	4	0	4	3.56397	feeling
1273	10	7	3	3.54486	too
1274	53	33	20	3.53345	with
1275	25	16	9	3.52976	one
1276	15	11	4	3.51977	there
1277	45	26	19	3.51977	on
1278	96	75	21	3.51279	is
1279	2	1	1	3.47086	won
1280	2	1	1	3.47086	whom
1281	7	6	1	3.47086	were
1282	1	0	1	3.47086	wd
1283	1	1	0	3.47086	wait
1284	2	0	2	3.47086	upon
1285	1	0	1	3.47086	turned
1286	1	0	1	3.47086	trust
1287	5	5	0	3.47086	today
1288	1	0	1	3.47086	thoughts
1289	1	1	0	3.47086	swift
1290	3	1	2	3.47086	such
1291	1	0	1	3.47086	stood
1292	3	2	1	3.47086	square
1293	1	0	1	3.47086	sort
1294	2	1	1	3.47086	sometimes
1295	1	0	1	3.47086	screens
1296	4	2	2	3.47086	round
1297	1	1	0	3.47086	refuses
1298	1	1	0	3.47086	profound
1299	1	1	0	3.47086	phil
1300	1	0	1	3.47086	perfectly
1301	1	0	1	3.47086	perfect
1302	2	1	1	3.47086	pages
1303	1	1	0	3.47086	p
1304	1	0	1	3.47086	opinion
1305	1	1	0	3.47086	opening
1306	1	0	1	3.47086	net
1307	7	3	4	3.47086	nessa
1308	1	1	0	3.47086	n
1309	3	3	0	3.47086	myself
1310	1	0	1	3.47086	months
1311	1	0	1	3.47086	miserable
1312	2	1	1	3.47086	makes
1313	1	1	0	3.47086	macaulay
1314	1	0	1	3.47086	low
1315	1	1	0	3.47086	looked
1316	1	0	1	3.47086	lights
1317	1	0	1	3.47086	large
1318	1	1	0	3.47086	knole
1319	1	0	1	3.47086	itself
1320	1	1	0	3.47086	italy
1321	1	1	0	3.47086	interests
1322	1	0	1	3.47086	happiness
1323	1	1	0	3.47086	hands
1324	1	0	1	3.47086	handed
1325	1	0	1	3.47086	hair
1326	1	0	1	3.47086	gold
1327	2	2	0	3.47086	god
1328	1	0	1	3.47086	flattery
1329	1	1	0	3.47086	figure
1330	1	1	0	3.47086	fall
1331	1	0	1	3.47086	dropped
1332	2	0	2	3.47086	dog
1333	2	1	1	3.47086	dining
1334	1	1	0	3.47086	died
1335	1	1	0	3.47086	depressed
1336	1	1	0	3.47086	de
1337	1	1	0	3.47086	criticism
1338	1	1	0	3.47086	compared
1339	1	0	1	3.47086	charleston
1340	1	0	1	3.47086	chance
1341	1	0	1	3.47086	building
1342	1	0	1	3.47086	boat
1343	1	0	1	3.47086	baldwin
1344	1	0	1	3.47086	attack
1345	1	1	0	3.47086	appeared
1346	1	1	0	3.47086	agreed
1347	9	8	1	3.43133	never
1348	7	6	1	3.42024	could
1349	83	46	37	3.41964	in
1350	28	19	9	3.40785	was
1351	22	13	9	3.40673	think
1352	4	2	2	3.38340	many
1353	47	25	22	3.37440	this
1354	33	32	1	3.36551	have
1355	3	1	2	3.35538	set
1356	6	2	4	3.35538	perhaps
1357	3	2	1	3.35538	everything
1358	8	4	4	3.34158	m
1359	5	0	5	3.33336	first
1360	5	3	2	3.33336	feel
1361	17	10	7	3.32951	by
1362	2	2	0	3.30094	words
1363	2	1	1	3.30094	woolf
1364	2	2	0	3.30094	walked
1365	4	2	2	3.30094	talk
1366	2	2	0	3.30094	suddenly
1367	2	2	0	3.30094	sold
1368	2	0	2	3.30094	seems
1369	4	1	3	3.30094	leonard
1370	2	0	2	3.30094	left
1371	2	0	2	3.30094	evening
1372	6	2	4	3.30094	did
1373	8	6	2	3.30094	after
1374	30	18	12	3.29029	we
1375	7	4	3	3.27822	yet
1376	21	13	8	3.27822	has
1377	5	2	3	3.26923	morning
1378	3	1	2	3.24847	summer
1379	3	3	0	3.24847	found
1380	10	6	4	3.23820	rather
1381	106	53	53	3.23300	a
1382	4	3	1	3.22293	though
1383	35	14	21	3.21644	at
1384	59	40	19	3.18860	it
1385	8	4	4	3.18546	these
1386	8	3	5	3.18546	some
1387	4	3	1	3.14893	years
1388	2	0	2	3.14893	wish
1389	7	2	5	3.14893	who
1390	1	1	0	3.14893	whatever
1391	2	0	2	3.14893	weeks
1392	1	0	1	3.14893	vogue
1393	14	10	4	3.14893	up
1394	2	2	0	3.14893	tomorrow
1395	1	1	0	3.14893	tom
1396	1	1	0	3.14893	thinks
1397	4	4	0	3.14893	th
1398	1	0	1	3.14893	stand
1399	1	1	0	3.14893	somehow
1400	1	0	1	3.14893	sitwell
1401	1	1	0	3.14893	settle
1402	2	2	0	3.14893	saying
1403	2	1	1	3.14893	rose
1404	1	1	0	3.14893	ralph
1405	1	0	1	3.14893	point
1406	3	1	2	3.14893	part
1407	1	1	0	3.14893	oneself
1408	7	3	4	3.14893	old
1409	1	1	0	3.14893	october
1410	1	1	0	3.14893	normal
1411	1	0	1	3.14893	minutes
1412	1	1	0	3.14893	mine
1413	1	1	0	3.14893	memoirs
1414	1	0	1	3.14893	meeting
1415	1	1	0	3.14893	married
1416	3	1	2	3.14893	making
1417	1	0	1	3.14893	logan
1418	1	0	1	3.14893	lack
1419	1	1	0	3.14893	hubert
1420	1	1	0	3.14893	hardy
1421	1	0	1	3.14893	government
1422	1	1	0	3.14893	felt
1423	1	1	0	3.14893	doubt
1424	1	0	1	3.14893	dogs
1425	1	1	0	3.14893	difficulty
1426	1	1	0	3.14893	deep
1427	1	1	0	3.14893	colefax
1428	1	0	1	3.14893	characters
1429	3	0	3	3.14893	both
1430	6	5	1	3.14893	being
1431	6	4	2	3.14893	back
1432	2	0	2	3.14893	angus
1433	30	20	10	3.13935	me
1434	14	9	5	3.10829	what
1435	14	5	9	3.10829	about
1436	6	3	3	3.10163	come
1437	16	12	4	3.07854	out
1438	8	6	2	3.07854	off
1439	156	94	62	3.07152	i
1440	23	12	11	3.06369	he
1441	6	5	1	3.05582	read
1442	3	0	3	3.05582	clothes
1443	21	12	9	3.04300	not
1444	7	5	2	3.03029	came
1445	9	5	4	3.02608	shall
1446	2	1	1	3.01143	london
1447	2	2	0	3.01143	dined
1448	4	2	2	3.01143	days
1449	2	0	2	3.01143	begin
1450	8	8	0	3.01143	been
1451	20	15	5	2.98544	as
1452	39	17	22	2.98148	my
1453	6	3	3	2.96836	time
1454	3	3	0	2.96836	through
1455	7	5	2	2.95629	go
1456	4	1	3	2.94730	thing
1457	6	3	3	2.92654	much
1458	6	2	4	2.92654	clive
1459	8	3	5	2.91627	and
1460	10	4	6	2.91015	said
1461	6	4	2	2.88590	writing
1462	3	2	1	2.88590	why
1463	1	1	0	2.88590	wells
1464	1	0	1	2.88590	v
1465	1	0	1	2.88590	todd
1466	2	1	1	2.88590	till
1467	3	0	3	2.88590	thought
1468	1	1	0	2.88590	straight
1469	1	0	1	2.88590	sit
1470	2	1	1	2.88590	saw
1471	3	1	2	2.88590	rodmell
1472	2	2	0	2.88590	r
1473	2	1	1	2.88590	quite
1474	1	0	1	2.88590	poetry
1475	1	0	1	2.88590	ones
1476	1	1	0	2.88590	morgan
1477	2	1	1	2.88590	miss
1478	1	1	0	2.88590	meet
1479	1	1	0	2.88590	lord
1480	1	1	0	2.88590	leaves
1481	8	2	6	2.88590	last
1482	1	1	0	2.88590	july
1483	1	1	0	2.88590	important
1484	1	0	1	2.88590	hours
1485	1	0	1	2.88590	full
1486	1	1	0	2.88590	free
1487	1	1	0	2.88590	fond
1488	2	2	0	2.88590	ever
1489	1	0	1	2.88590	downs
1490	1	0	1	2.88590	doesn
1491	6	3	3	2.88590	can
1492	1	0	1	2.88590	brought
1493	1	0	1	2.88590	began
1494	1	1	0	2.88590	b
1495	1	1	0	2.88590	article
1496	1	0	1	2.88590	affair
1497	12	8	4	2.86600	an
1498	11	4	7	2.86420	his
1499	102	61	41	2.84637	to
1500	5	4	1	2.83859	say
1501	4	3	1	2.82701	want
1502	3	1	2	2.80790	strike
1503	6	3	3	2.80790	see
1504	3	2	1	2.80790	down
1505	8	5	3	2.79844	if
1506	5	1	4	2.79279	night
1507	17	12	5	2.79014	s
1508	9	7	2	2.78281	will
1509	2	2	0	2.77042	since
1510	2	2	0	2.77042	roger
1511	4	3	1	2.77042	mind
1512	2	1	1	2.77042	look
1513	2	2	0	2.77042	comes
1514	8	3	5	2.74294	more
1515	3	2	1	2.73390	nothing
1516	11	7	4	2.72084	are
1517	10	7	3	2.70533	am
1518	19	11	8	2.69642	all
1519	25	13	12	2.67177	but
1520	4	4	0	2.66351	would
1521	1	0	1	2.66351	voice
1522	1	0	1	2.66351	stories
1523	1	1	0	2.66351	standing
1524	1	0	1	2.66351	side
1525	1	0	1	2.66351	re
1526	1	0	1	2.66351	rate
1527	1	0	1	2.66351	passage
1528	1	1	0	2.66351	o
1529	1	1	0	2.66351	herself
1530	1	1	0	2.66351	heard
1531	1	1	0	2.66351	happy
1532	1	1	0	2.66351	grey
1533	1	1	0	2.66351	give
1534	1	1	0	2.66351	door
1535	3	1	2	2.66351	d
1536	1	1	0	2.66351	case
1537	1	1	0	2.66351	best
1538	2	2	0	2.66351	asked
1539	8	6	2	2.63797	how
1540	8	5	3	2.58822	l
1541	134	57	77	2.58130	the
1542	2	0	2	2.56397	year
1543	2	2	0	2.56397	their
1544	26	12	14	2.56397	that
1545	2	1	1	2.56397	mary
1546	2	1	1	2.56397	even
1547	3	2	1	2.53226	well
1548	3	2	1	2.53226	way
1549	5	5	0	2.50739	when
1550	16	7	9	2.50508	her
1551	16	13	3	2.50508	be
1552	18	9	9	2.50124	so
1553	1	1	0	2.47086	yes
1554	5	4	1	2.47086	write
1555	1	1	0	2.47086	times
1556	1	0	1	2.47086	pleasure
1557	1	0	1	2.47086	middle
1558	1	1	0	2.47086	lunch
1559	1	0	1	2.47086	letters
1560	2	2	0	2.47086	know
1561	3	1	2	2.47086	its
1562	1	0	1	2.47086	indeed
1563	1	0	1	2.47086	e
1564	1	1	0	2.47086	common
1565	1	1	0	2.47086	cannot
1566	3	1	2	2.47086	books
1567	1	1	0	2.47086	anything
1568	1	1	0	2.47086	age
1569	4	1	3	2.42647	lighthouse
1570	4	1	3	2.38340	vita
1571	2	2	0	2.38340	suppose
1572	4	2	2	2.38340	mrs
1573	4	4	0	2.34158	again
1574	1	1	0	2.30094	tuesday
1575	1	1	0	2.30094	thursday
1576	1	0	1	2.30094	put
1577	3	2	1	2.30094	own
1578	1	1	0	2.30094	knows
1579	1	1	0	2.30094	gone
1580	2	1	1	2.30094	end
1581	1	1	0	2.30094	dear
1582	1	0	1	2.30094	behind
1583	4	3	1	2.26141	should
1584	4	2	2	2.26141	over
1585	3	3	0	2.24847	only
1586	1	0	1	2.14893	thinking
1587	1	1	0	2.14893	talked
1588	2	2	0	2.14893	reading
1589	1	1	0	2.14893	often
1590	7	3	4	2.14893	no
1591	1	1	0	2.14893	nature
1592	2	1	1	2.14893	most
1593	1	0	1	2.14893	however
1594	1	1	0	2.14893	friday
1595	2	1	1	2.14893	dont
1596	1	1	0	2.14893	before
1597	1	0	1	2.14893	another
1598	3	2	1	2.10163	says
1599	3	2	1	2.10163	into
1600	2	0	2	2.07854	love
1601	2	1	1	2.01143	things
1602	1	1	0	2.01143	saturday
1603	1	1	0	2.01143	same
1604	1	1	0	2.01143	remember
1605	1	0	1	2.01143	power
1606	3	1	2	2.01143	people
1607	3	2	1	2.01143	must
1608	2	2	0	2.01143	going
1609	4	3	1	2.01143	do
1610	1	0	1	2.01143	desmond
1611	5	4	1	1.95990	him
1612	1	1	0	1.88590	run
1613	1	0	1	1.88590	poor
1614	2	2	0	1.88590	other
1615	1	0	1	1.88590	odd
1616	1	1	0	1.88590	enough
1617	1	1	0	1.88590	between
1618	1	1	0	1.88590	away
1619	3	2	1	1.80790	them
1620	1	0	1	1.77042	does
1621	2	1	1	1.77042	c
1622	4	2	2	1.74294	t
1623	1	0	1	1.66351	tell
1624	1	0	1	1.66351	sat
1625	3	3	0	1.59639	here
1626	2	0	2	1.51667	our
1627	1	0	1	1.47086	always
1628	1	0	1	1.38340	usual
1629	1	1	0	1.38340	nelly
1630	1	0	1	1.14893	don
1631	1	1	0	1.07854	two
1632	2	1	1	1.07854	may
1633	1	1	0	0.88590	any
1634	1	1	0	0.56397	you
