#Total No. of Collocate Types: 2374
#Total No. of Collocate Tokens: 9873
1	4	1	3	6.48100	sail
2	3	1	2	6.06596	yellows
3	3	1	2	6.06596	timidity
4	3	1	2	6.06596	pekinese
5	3	1	2	6.06596	govt
6	6	4	2	6.06596	fields
7	3	0	3	6.06596	festival
8	3	1	2	6.06596	excess
9	3	2	1	6.06596	enlisted
10	3	2	1	6.06596	duty
11	3	2	1	6.06596	defeat
12	3	2	1	6.06596	counter
13	6	4	2	6.06596	bournemouth
14	3	1	2	6.06596	aristocracy
15	5	2	3	5.80292	reviews
16	5	3	2	5.80292	bath
17	9	2	7	5.65092	bottom
18	2	1	1	5.48100	zoo
19	2	1	1	5.48100	zeal
20	2	1	1	5.48100	wren
21	4	1	3	5.48100	worst
22	2	1	1	5.48100	wore
23	2	0	2	5.48100	womens
24	2	0	2	5.48100	warmth
25	2	1	1	5.48100	warinesses
26	2	0	2	5.48100	wall
27	6	2	4	5.48100	w
28	2	2	0	5.48100	visiting
29	2	1	1	5.48100	visible
30	2	1	1	5.48100	verge
31	2	1	1	5.48100	verberates
32	2	1	1	5.48100	valley
33	2	1	1	5.48100	unsettled
34	2	1	1	5.48100	unreasonably
35	2	2	0	5.48100	uninvited
36	2	0	2	5.48100	turners
37	2	1	1	5.48100	tub
38	2	1	1	5.48100	trivial
39	2	1	1	5.48100	trips
40	2	1	1	5.48100	trek
41	2	0	2	5.48100	traffic
42	2	1	1	5.48100	trafalgar
43	2	0	2	5.48100	tinctured
44	2	1	1	5.48100	thumper
45	4	2	2	5.48100	thicker
46	2	1	1	5.48100	thans
47	2	1	1	5.48100	tempting
48	4	0	4	5.48100	swanage
49	2	1	1	5.48100	surroundings
50	2	1	1	5.48100	surge
51	4	1	3	5.48100	study
52	4	2	2	5.48100	strongly
53	2	1	1	5.48100	stretched
54	4	1	3	5.48100	sting
55	2	0	2	5.48100	statesman
56	2	1	1	5.48100	stalwart
57	4	2	2	5.48100	sonorous
58	2	0	2	5.48100	solution
59	2	1	1	5.48100	sociable
60	2	1	1	5.48100	snuggled
61	2	0	2	5.48100	smoky
62	2	2	0	5.48100	smell
63	4	2	2	5.48100	sky
64	2	1	1	5.48100	shining
65	2	2	0	5.48100	sheepishly
66	2	1	1	5.48100	shadow
67	2	1	1	5.48100	seven
68	2	0	2	5.48100	settlement
69	4	2	2	5.48100	scarped
70	2	1	1	5.48100	sake
71	2	1	1	5.48100	rubens
72	2	1	1	5.48100	rosettes
73	2	1	1	5.48100	roof
74	8	2	6	5.48100	rock
75	2	1	1	5.48100	roberts
76	2	1	1	5.48100	risk
77	2	1	1	5.48100	reverberates
78	2	1	1	5.48100	replenish
79	2	1	1	5.48100	reflective
80	2	2	0	5.48100	reflecting
81	2	2	0	5.48100	recorded
82	2	2	0	5.48100	rambling
83	2	1	1	5.48100	quickly
84	4	1	3	5.48100	proof
85	2	1	1	5.48100	promenade
86	2	0	2	5.48100	prime
87	2	1	1	5.48100	prim
88	2	1	1	5.48100	prelude
89	2	0	2	5.48100	pot
90	2	1	1	5.48100	possessed
91	2	1	1	5.48100	portions
92	2	1	1	5.48100	ploughed
93	2	1	1	5.48100	planks
94	2	1	1	5.48100	pitter
95	2	1	1	5.48100	pinched
96	2	1	1	5.48100	piled
97	2	1	1	5.48100	pier
98	2	0	2	5.48100	phoenix
99	2	1	1	5.48100	patter
100	2	1	1	5.48100	ornament
101	2	1	1	5.48100	oppressed
102	2	1	1	5.48100	opposite
103	2	1	1	5.48100	oddly
104	2	1	1	5.48100	nuns
105	2	1	1	5.48100	nov
106	2	1	1	5.48100	nodding
107	2	1	1	5.48100	nd
108	2	0	2	5.48100	nations
109	2	1	1	5.48100	message
110	2	0	2	5.48100	marmots
111	2	1	1	5.48100	magnitude
112	2	2	0	5.48100	magnify
113	2	0	2	5.48100	magnification
114	2	1	1	5.48100	lyric
115	2	2	0	5.48100	lose
116	2	0	2	5.48100	lodged
117	2	1	1	5.48100	lively
118	2	1	1	5.48100	limelight
119	2	1	1	5.48100	liking
120	2	2	0	5.48100	liberate
121	2	0	2	5.48100	league
122	2	1	1	5.48100	laye
123	2	1	1	5.48100	lavatory
124	2	0	2	5.48100	landscape
125	4	2	2	5.48100	land
126	2	2	0	5.48100	kneel
127	2	0	2	5.48100	kitchins
128	2	1	1	5.48100	keepers
129	2	2	0	5.48100	kahan
130	2	0	2	5.48100	judgeship
131	2	0	2	5.48100	itch
132	2	1	1	5.48100	intervenes
133	2	1	1	5.48100	interfere
134	2	1	1	5.48100	intensity
135	2	0	2	5.48100	indian
136	2	1	1	5.48100	incurably
137	2	1	1	5.48100	incident
138	2	1	1	5.48100	improving
139	2	1	1	5.48100	importance
140	2	1	1	5.48100	images
141	2	1	1	5.48100	idlest
142	4	2	2	5.48100	houses
143	2	1	1	5.48100	hospital
144	2	0	2	5.48100	holidays
145	2	1	1	5.48100	hendersons
146	2	1	1	5.48100	helen
147	2	1	1	5.48100	health
148	2	1	1	5.48100	hauteur
149	2	1	1	5.48100	handing
150	2	2	0	5.48100	guineas
151	2	1	1	5.48100	greys
152	2	1	1	5.48100	gods
153	2	1	1	5.48100	gear
154	6	2	4	5.48100	fruit
155	2	1	1	5.48100	fronting
156	6	2	4	5.48100	floor
157	2	1	1	5.48100	flight
158	2	2	0	5.48100	fighting
159	2	0	2	5.48100	fiery
160	2	1	1	5.48100	feathering
161	2	1	1	5.48100	fanatic
162	2	1	1	5.48100	familiar
163	4	3	1	5.48100	exposed
164	2	1	1	5.48100	exacting
165	2	1	1	5.48100	events
166	2	1	1	5.48100	enlarge
167	4	2	2	5.48100	election
168	2	1	1	5.48100	egotism
169	2	1	1	5.48100	dullest
170	2	1	1	5.48100	dulled
171	2	2	0	5.48100	drizzling
172	2	0	2	5.48100	dresses
173	4	2	2	5.48100	doors
174	2	1	1	5.48100	donald
175	4	4	0	5.48100	dome
176	2	1	1	5.48100	distant
177	2	0	2	5.48100	disappointment
178	2	0	2	5.48100	devils
179	2	1	1	5.48100	depths
180	2	2	0	5.48100	debate
181	2	1	1	5.48100	damped
182	4	2	2	5.48100	dally
183	2	1	1	5.48100	cutting
184	2	1	1	5.48100	currents
185	2	1	1	5.48100	crisis
186	2	1	1	5.48100	cries
187	2	2	0	5.48100	correcting
188	2	0	2	5.48100	consequent
189	2	0	2	5.48100	conflict
190	2	2	0	5.48100	complicates
191	2	2	0	5.48100	committees
192	2	1	1	5.48100	committee
193	2	0	2	5.48100	combing
194	2	1	1	5.48100	colours
195	2	1	1	5.48100	collected
196	2	0	2	5.48100	coast
197	2	0	2	5.48100	clinic
198	2	1	1	5.48100	clergy
199	8	4	4	5.48100	church
200	2	0	2	5.48100	campbell
201	2	1	1	5.48100	bud
202	2	0	2	5.48100	brit
203	2	1	1	5.48100	bricks
204	2	0	2	5.48100	bountiful
205	2	1	1	5.48100	boils
206	2	1	1	5.48100	bearing
207	2	0	2	5.48100	battling
208	2	1	1	5.48100	bargain
209	2	0	2	5.48100	association
210	2	1	1	5.48100	arranged
211	2	0	2	5.48100	aristocratic
212	2	2	0	5.48100	argued
213	2	0	2	5.48100	archbishops
214	2	1	1	5.48100	appalling
215	2	1	1	5.48100	apart
216	2	0	2	5.48100	anreps
217	2	1	1	5.48100	anonymity
218	2	1	1	5.48100	airing
219	2	1	1	5.48100	agile
220	2	1	1	5.48100	advise
221	2	1	1	5.48100	adventure
222	2	1	1	5.48100	adored
223	2	1	1	5.48100	admiration
224	11	4	7	5.35547	window
225	7	5	2	5.28835	dropped
226	5	3	2	5.21796	taking
227	5	3	2	5.21796	studio
228	5	0	5	5.21796	striking
229	5	2	3	5.21796	pavement
230	5	1	4	5.21796	box
231	8	3	5	5.15907	beginning
232	17	3	14	5.10903	same
233	3	2	1	5.06596	victory
234	3	1	2	5.06596	tin
235	3	1	2	5.06596	task
236	3	0	3	5.06596	sunshine
237	3	0	3	5.06596	suburbs
238	3	2	1	5.06596	span
239	6	3	3	5.06596	soul
240	3	0	3	5.06596	smooth
241	3	2	1	5.06596	slips
242	3	1	2	5.06596	shoulder
243	3	0	3	5.06596	ships
244	3	2	1	5.06596	secret
245	3	2	1	5.06596	scene
246	3	0	3	5.06596	result
247	3	2	1	5.06596	pitch
248	6	2	4	5.06596	obscure
249	3	2	1	5.06596	moths
250	6	3	3	5.06596	lit
251	3	1	2	5.06596	lapse
252	3	0	3	5.06596	individuality
253	3	2	1	5.06596	hurry
254	3	3	0	5.06596	hat
255	3	0	3	5.06596	fret
256	3	2	1	5.06596	fight
257	3	1	2	5.06596	exchange
258	6	4	2	5.06596	drive
259	3	0	3	5.06596	drawn
260	9	1	8	5.06596	downs
261	12	6	6	5.06596	dog
262	6	2	4	5.06596	connection
263	6	4	2	5.06596	colour
264	3	0	3	5.06596	broadcaster
265	3	1	2	5.06596	bookshop
266	3	2	1	5.06596	board
267	3	1	2	5.06596	barrel
268	3	3	0	5.06596	admit
269	7	3	4	4.96642	telephone
270	7	4	3	4.96642	drawing
271	15	4	11	4.92846	nation
272	4	3	1	4.89603	walking
273	4	1	3	4.89603	surface
274	4	1	3	4.89603	sunk
275	4	0	4	4.89603	streets
276	4	0	4	4.89603	snow
277	4	1	3	4.89603	rising
278	8	2	6	4.89603	rest
279	4	2	2	4.89603	proportions
280	4	3	1	4.89603	playing
281	4	3	1	4.89603	material
282	44	9	35	4.89603	lighthouse
283	4	4	0	4.89603	imagination
284	4	1	3	4.89603	green
285	4	3	1	4.89603	glow
286	4	3	1	4.89603	feet
287	4	3	1	4.89603	famous
288	4	2	2	4.89603	easter
289	4	1	3	4.89603	class
290	8	5	3	4.89603	began
291	4	1	3	4.89603	across
292	13	3	10	4.85951	press
293	14	7	7	4.82892	death
294	19	9	10	4.82203	part
295	5	1	4	4.80292	view
296	5	3	2	4.80292	sudden
297	15	1	14	4.80292	square
298	5	2	3	4.80292	opening
299	5	3	2	4.80292	garden
300	5	2	3	4.80292	fall
301	5	2	3	4.80292	fact
302	5	1	4	4.80292	boat
303	5	3	2	4.80292	among
304	27	8	19	4.77645	first
305	11	5	6	4.77050	behind
306	12	2	10	4.74403	truth
307	6	6	0	4.74403	took
308	6	4	2	4.74403	news
309	7	3	4	4.70339	leaves
310	8	2	6	4.67364	sun
311	8	4	4	4.67364	case
312	9	3	6	4.65092	open
313	9	1	8	4.65092	middle
314	10	3	7	4.63300	evening
315	1	0	1	4.48100	youth
316	1	0	1	4.48100	yester
317	1	0	1	4.48100	yearly
318	1	0	1	4.48100	yard
319	1	0	1	4.48100	yale
320	1	0	1	4.48100	xtian
321	2	0	2	4.48100	wrung
322	4	1	3	4.48100	wrote
323	2	0	2	4.48100	wrangle
324	1	0	1	4.48100	wounds
325	7	1	6	4.48100	world
326	1	0	1	4.48100	workers
327	2	1	1	4.48100	wolves
328	2	1	1	4.48100	wits
329	1	0	1	4.48100	wireless
330	1	1	0	4.48100	winter
331	1	0	1	4.48100	wins
332	1	0	1	4.48100	wing
333	3	2	1	4.48100	wind
334	1	0	1	4.48100	wiles
335	1	1	0	4.48100	whitehall
336	1	1	0	4.48100	whirl
337	1	1	0	4.48100	wheres
338	1	0	1	4.48100	wharfe
339	4	2	2	4.48100	wet
340	1	0	1	4.48100	wests
341	1	0	1	4.48100	west
342	1	1	0	4.48100	weight
343	1	0	1	4.48100	watchful
344	2	0	2	4.48100	war
345	1	0	1	4.48100	wanted
346	1	1	0	4.48100	wandervögeln
347	1	1	0	4.48100	wanderings
348	1	0	1	4.48100	waleys
349	1	0	1	4.48100	wales
350	2	1	1	4.48100	waking
351	1	0	1	4.48100	wafting
352	1	0	1	4.48100	vw
353	1	0	1	4.48100	voyage
354	1	1	0	4.48100	voraciously
355	1	1	0	4.48100	visualised
356	1	1	0	4.48100	vistas
357	1	1	0	4.48100	visibly
358	1	0	1	4.48100	violins
359	4	1	3	4.48100	viola
360	3	0	3	4.48100	village
361	1	1	0	4.48100	villa
362	1	1	0	4.48100	version
363	1	1	0	4.48100	verified
364	1	0	1	4.48100	velvet
365	2	2	0	4.48100	veil
366	4	3	1	4.48100	vast
367	2	2	0	4.48100	vale
368	1	1	0	4.48100	vainly
369	2	0	2	4.48100	vague
370	1	0	1	4.48100	vacillate
371	6	2	4	4.48100	v
372	1	1	0	4.48100	utterance
373	1	0	1	4.48100	ut
374	1	0	1	4.48100	usually
375	1	1	0	4.48100	upstairs
376	1	0	1	4.48100	untinted
377	1	1	0	4.48100	unsubstantial
378	1	1	0	4.48100	unseated
379	1	1	0	4.48100	unseasonably
380	1	1	0	4.48100	unscupulous
381	1	0	1	4.48100	unrevised
382	1	0	1	4.48100	unprecedented
383	1	0	1	4.48100	unpleasant
384	1	0	1	4.48100	unobserved
385	1	0	1	4.48100	unlikely
386	1	0	1	4.48100	unity
387	1	1	0	4.48100	unintelligibly
388	1	0	1	4.48100	underworld
389	1	0	1	4.48100	undertaken
390	1	0	1	4.48100	undergraduates
391	1	1	0	4.48100	underfed
392	1	0	1	4.48100	undependable
393	1	1	0	4.48100	uncrumpled
394	1	1	0	4.48100	uncle
395	1	0	1	4.48100	unanswered
396	2	0	2	4.48100	typewriter
397	1	1	0	4.48100	tweed
398	4	2	2	4.48100	turned
399	2	1	1	4.48100	turn
400	1	1	0	4.48100	tuned
401	1	1	0	4.48100	tune
402	1	0	1	4.48100	tribe
403	1	1	0	4.48100	tremble
404	2	0	2	4.48100	trees
405	1	1	0	4.48100	tranquilly
406	2	2	0	4.48100	tramping
407	1	0	1	4.48100	trampers
408	1	1	0	4.48100	tramp
409	1	0	1	4.48100	training
410	3	1	2	4.48100	train
411	1	0	1	4.48100	tragedy
412	1	1	0	4.48100	toss
413	1	1	0	4.48100	tory
414	1	0	1	4.48100	topic
415	1	0	1	4.48100	tomlin
416	1	1	0	4.48100	tiredness
417	1	1	0	4.48100	tinkled
418	1	0	1	4.48100	tight
419	1	0	1	4.48100	ticking
420	1	0	1	4.48100	throttle
421	1	0	1	4.48100	threshold
422	1	0	1	4.48100	thorpe
423	1	0	1	4.48100	thoby
424	1	1	0	4.48100	therefore
425	1	0	1	4.48100	themselves
426	1	0	1	4.48100	themes
427	1	1	0	4.48100	thaw
428	1	0	1	4.48100	thankful
429	2	0	2	4.48100	text
430	1	0	1	4.48100	terror
431	1	0	1	4.48100	terrible
432	1	0	1	4.48100	terrace
433	1	1	0	4.48100	terms
434	1	0	1	4.48100	tends
435	1	0	1	4.48100	tedious
436	1	1	0	4.48100	technique
437	1	1	0	4.48100	tears
438	1	1	0	4.48100	tear
439	1	0	1	4.48100	taxis
440	1	1	0	4.48100	tapped
441	1	1	0	4.48100	tapering
442	1	1	0	4.48100	tap
443	1	0	1	4.48100	tactfully
444	1	0	1	4.48100	symptoms
445	1	1	0	4.48100	symphony
446	1	0	1	4.48100	sylvias
447	2	1	1	4.48100	switch
448	1	1	0	4.48100	swiss
449	1	0	1	4.48100	swinging
450	1	0	1	4.48100	swim
451	1	0	1	4.48100	sweeps
452	1	1	0	4.48100	sweeping
453	1	1	0	4.48100	swear
454	1	1	0	4.48100	suspended
455	1	0	1	4.48100	surprising
456	2	0	2	4.48100	surely
457	1	1	0	4.48100	supported
458	1	1	0	4.48100	superstitious
459	1	0	1	4.48100	superficial
460	1	1	0	4.48100	superb
461	1	0	1	4.48100	sup
462	1	0	1	4.48100	sunburnt
463	1	0	1	4.48100	summing
464	1	1	0	4.48100	sum
465	1	1	0	4.48100	suit
466	1	0	1	4.48100	suggestive
467	1	1	0	4.48100	sufficiently
468	1	1	0	4.48100	successfully
469	1	0	1	4.48100	succeeds
470	1	0	1	4.48100	substance
471	1	0	1	4.48100	submerged
472	1	0	1	4.48100	subjects
473	3	2	1	4.48100	subject
474	2	2	0	4.48100	stylistic
475	1	0	1	4.48100	stupidish
476	2	0	2	4.48100	stunted
477	1	1	0	4.48100	stuffing
478	1	0	1	4.48100	stuff
479	2	1	1	4.48100	stuck
480	1	0	1	4.48100	string
481	19	2	17	4.48100	strike
482	1	0	1	4.48100	stretch
483	1	0	1	4.48100	strenuous
484	3	3	0	4.48100	streaming
485	1	0	1	4.48100	strand
486	4	1	3	4.48100	strain
487	2	2	0	4.48100	stopped
488	1	1	0	4.48100	stoolball
489	4	3	1	4.48100	stood
490	1	0	1	4.48100	stolid
491	1	1	0	4.48100	stoical
492	4	0	4	4.48100	stock
493	1	1	0	4.48100	stilled
494	2	0	2	4.48100	sticks
495	1	0	1	4.48100	steps
496	1	0	1	4.48100	steeps
497	1	1	0	4.48100	statues
498	1	1	0	4.48100	starting
499	1	0	1	4.48100	stars
500	5	3	2	4.48100	stand
501	1	1	0	4.48100	stained
502	1	0	1	4.48100	spray
503	1	0	1	4.48100	split
504	1	0	1	4.48100	spit
505	2	0	2	4.48100	spirit
506	1	0	1	4.48100	spinster
507	2	2	0	4.48100	spends
508	1	0	1	4.48100	spell
509	2	1	1	4.48100	speak
510	1	0	1	4.48100	sparrow
511	1	0	1	4.48100	southease
512	2	1	1	4.48100	southampton
513	2	0	2	4.48100	sound
514	2	2	0	4.48100	sought
515	2	0	2	4.48100	sordid
516	1	0	1	4.48100	solve
517	1	0	1	4.48100	solemn
518	3	1	2	4.48100	sofa
519	3	1	2	4.48100	social
520	1	1	0	4.48100	snowstorm
521	2	2	0	4.48100	sneer
522	2	1	1	4.48100	smoking
523	1	1	0	4.48100	smoked
524	1	0	1	4.48100	smashes
525	1	1	0	4.48100	small
526	1	1	0	4.48100	slow
527	1	1	0	4.48100	slipping
528	3	3	0	4.48100	slip
529	1	1	0	4.48100	slight
530	1	0	1	4.48100	sleep
531	1	1	0	4.48100	slang
532	1	1	0	4.48100	slab
533	1	0	1	4.48100	skipped
534	1	1	0	4.48100	sketchy
535	1	1	0	4.48100	sketchily
536	1	0	1	4.48100	sitwells
537	1	0	1	4.48100	simmer
538	1	1	0	4.48100	signals
539	3	0	3	4.48100	sight
540	1	0	1	4.48100	shying
541	1	0	1	4.48100	shre
542	2	1	1	4.48100	shown
543	1	0	1	4.48100	shops
544	1	1	0	4.48100	shopping
545	3	0	3	4.48100	shop
546	1	0	1	4.48100	shoots
547	2	0	2	4.48100	shone
548	2	1	1	4.48100	shivering
549	1	1	0	4.48100	shiver
550	1	1	0	4.48100	shillyshallies
551	1	1	0	4.48100	shelter
552	1	1	0	4.48100	shd
553	1	1	0	4.48100	severity
554	1	0	1	4.48100	setting
555	1	0	1	4.48100	sets
556	1	1	0	4.48100	serves
557	4	2	2	4.48100	serve
558	3	0	3	4.48100	servant
559	1	0	1	4.48100	serial
560	1	1	0	4.48100	separateness
561	1	0	1	4.48100	separate
562	1	1	0	4.48100	sentimentality
563	2	1	1	4.48100	senses
564	1	1	0	4.48100	sensation
565	1	0	1	4.48100	sends
566	1	1	0	4.48100	secretaries
567	1	1	0	4.48100	secondrateness
568	1	0	1	4.48100	seat
569	2	1	1	4.48100	seaford
570	5	2	3	4.48100	screen
571	1	0	1	4.48100	screaming
572	1	0	1	4.48100	scratched
573	1	0	1	4.48100	schoolboys
574	2	0	2	4.48100	school
575	2	0	2	4.48100	scattered
576	1	1	0	4.48100	scarce
577	1	1	0	4.48100	sawn
578	1	0	1	4.48100	sawing
579	2	2	0	4.48100	save
580	1	1	0	4.48100	sanders
581	1	0	1	4.48100	sand
582	1	0	1	4.48100	sails
583	1	0	1	4.48100	sailors
584	1	0	1	4.48100	sagging
585	1	0	1	4.48100	ruts
586	1	0	1	4.48100	rutland
587	1	1	0	4.48100	runs
588	1	0	1	4.48100	rump
589	1	1	0	4.48100	rumours
590	1	0	1	4.48100	rumour
591	1	1	0	4.48100	ruminating
592	1	0	1	4.48100	rubbed
593	1	1	0	4.48100	royal
594	2	1	1	4.48100	row
595	1	1	0	4.48100	roundâ
596	1	1	0	4.48100	roses
597	2	1	1	4.48100	rope
598	2	1	1	4.48100	roneo
599	3	1	2	4.48100	road
600	3	0	3	4.48100	river
601	1	1	0	4.48100	rival
602	1	0	1	4.48100	ripe
603	1	0	1	4.48100	rights
604	1	1	0	4.48100	ride
605	1	0	1	4.48100	richmonds
606	2	0	2	4.48100	rhapsody
607	1	0	1	4.48100	revolutionary
608	2	2	0	4.48100	revived
609	1	1	0	4.48100	revised
610	1	1	0	4.48100	reverts
611	1	1	0	4.48100	reverence
612	1	1	0	4.48100	retain
613	1	0	1	4.48100	ress
614	1	0	1	4.48100	respectables
615	1	1	0	4.48100	reserved
616	1	1	0	4.48100	request
617	1	1	0	4.48100	represents
618	1	1	0	4.48100	represent
619	1	0	1	4.48100	reports
620	1	1	0	4.48100	reply
621	1	0	1	4.48100	replenishing
622	1	0	1	4.48100	removed
623	1	0	1	4.48100	remark
624	3	3	0	4.48100	relish
625	4	2	2	4.48100	relief
626	1	1	0	4.48100	relation
627	1	0	1	4.48100	reject
628	1	0	1	4.48100	regular
629	2	1	1	4.48100	register
630	1	0	1	4.48100	refuse
631	1	1	0	4.48100	refer
632	1	0	1	4.48100	recounting
633	1	0	1	4.48100	readers
634	1	0	1	4.48100	reaches
635	1	0	1	4.48100	rattle
636	1	1	0	4.48100	rakes
637	1	0	1	4.48100	railwaymen
638	1	0	1	4.48100	rades
639	2	2	0	4.48100	race
640	1	1	0	4.48100	questions
641	1	0	1	4.48100	questionnaire
642	1	1	0	4.48100	quennel
643	1	1	0	4.48100	quarrelled
644	1	0	1	4.48100	quality
645	2	0	2	4.48100	q
646	1	0	1	4.48100	python
647	1	0	1	4.48100	pupil
648	1	0	1	4.48100	punctured
649	1	0	1	4.48100	publishing
650	1	1	0	4.48100	publicly
651	2	0	2	4.48100	provost
652	1	0	1	4.48100	provided
653	1	1	0	4.48100	protect
654	1	1	0	4.48100	prosy
655	1	1	0	4.48100	proportion
656	1	1	0	4.48100	prophecy
657	1	0	1	4.48100	pronounced
658	1	0	1	4.48100	prominence
659	1	0	1	4.48100	professor
660	1	0	1	4.48100	produce
661	1	0	1	4.48100	procrastinations
662	2	0	2	4.48100	prize
663	5	2	3	4.48100	printing
664	1	1	0	4.48100	printers
665	1	0	1	4.48100	printed
666	1	0	1	4.48100	prince
667	1	1	0	4.48100	pretending
668	1	0	1	4.48100	pretence
669	1	0	1	4.48100	pressure
670	1	0	1	4.48100	preparing
671	1	0	1	4.48100	prediction
672	1	0	1	4.48100	precious
673	1	1	0	4.48100	prays
674	1	1	0	4.48100	possible
675	1	1	0	4.48100	possessions
676	1	1	0	4.48100	pondered
677	1	0	1	4.48100	pomp
678	1	0	1	4.48100	plush
679	1	0	1	4.48100	pliable
680	1	0	1	4.48100	plethora
681	2	0	2	4.48100	please
682	1	0	1	4.48100	plead
683	1	0	1	4.48100	playhouse
684	1	1	0	4.48100	plaintive
685	1	1	0	4.48100	plainly
686	1	1	0	4.48100	placards
687	1	0	1	4.48100	pk
688	1	0	1	4.48100	pitt
689	1	1	0	4.48100	pinpricks
690	1	0	1	4.48100	picking
691	1	1	0	4.48100	photographs
692	1	0	1	4.48100	phone
693	1	1	0	4.48100	philosophy
694	1	1	0	4.48100	philcox
695	1	0	1	4.48100	phantasmagoria
696	1	1	0	4.48100	persuaded
697	1	0	1	4.48100	persistency
698	1	0	1	4.48100	persian
699	2	1	1	4.48100	permanent
700	1	1	0	4.48100	peacehaven
701	1	0	1	4.48100	path
702	1	1	0	4.48100	pat
703	1	1	0	4.48100	pasteboard
704	6	3	3	4.48100	past
705	2	2	0	4.48100	passes
706	1	1	0	4.48100	passengers
707	2	2	0	4.48100	passed
708	1	0	1	4.48100	partridge
709	3	1	2	4.48100	park
710	1	1	0	4.48100	parenthesis
711	1	0	1	4.48100	oyage
712	4	3	1	4.48100	owing
713	1	0	1	4.48100	overflowed
714	2	1	1	4.48100	organ
715	1	0	1	4.48100	optimistic
716	1	1	0	4.48100	opinions
717	1	0	1	4.48100	oil
718	1	0	1	4.48100	ogarth
719	1	0	1	4.48100	officeâ
720	4	1	3	4.48100	office
721	1	1	0	4.48100	offering
722	1	1	0	4.48100	odds
723	1	0	1	4.48100	oddity
724	1	1	0	4.48100	occasionally
725	1	1	0	4.48100	observes
726	2	0	2	4.48100	obscurely
727	1	0	1	4.48100	nursery
728	1	1	0	4.48100	number
729	1	1	0	4.48100	notā
730	1	0	1	4.48100	notices
731	1	0	1	4.48100	non
732	1	0	1	4.48100	nobleman
733	1	0	1	4.48100	niagara
734	1	1	0	4.48100	newspapers
735	4	2	2	4.48100	net
736	1	1	0	4.48100	nervy
737	2	1	1	4.48100	nelson
738	1	0	1	4.48100	necessity
739	1	0	1	4.48100	necessary
740	3	2	1	4.48100	near
741	1	0	1	4.48100	ndrate
742	1	1	0	4.48100	navigating
743	4	0	4	4.48100	n
744	2	0	2	4.48100	museum
745	1	0	1	4.48100	mus
746	1	0	1	4.48100	murmurs
747	1	0	1	4.48100	mumbles
748	1	0	1	4.48100	mumbled
749	1	0	1	4.48100	muir
750	1	0	1	4.48100	mountainous
751	1	0	1	4.48100	morrells
752	1	0	1	4.48100	moon
753	1	0	1	4.48100	monthly
754	1	0	1	4.48100	moneymaking
755	2	2	0	4.48100	mixed
756	1	1	0	4.48100	mix
757	1	1	0	4.48100	mitigating
758	1	0	1	4.48100	mist
759	3	1	2	4.48100	minute
760	1	0	1	4.48100	minister
761	1	0	1	4.48100	miners
762	1	1	0	4.48100	minded
763	1	0	1	4.48100	milton
764	1	0	1	4.48100	millstones
765	1	0	1	4.48100	mi
766	1	1	0	4.48100	methods
767	1	1	0	4.48100	metaphors
768	2	0	2	4.48100	mention
769	1	1	0	4.48100	mental
770	1	0	1	4.48100	memories
771	2	1	1	4.48100	melancholy
772	1	1	0	4.48100	megaphone
773	1	0	1	4.48100	medals
774	1	0	1	4.48100	measure
775	1	0	1	4.48100	measles
776	1	0	1	4.48100	meadow
777	1	1	0	4.48100	maupassant
778	1	1	0	4.48100	masters
779	1	1	0	4.48100	mason
780	1	1	0	4.48100	marry
781	1	0	1	4.48100	marjories
782	1	1	0	4.48100	manuscripts
783	1	0	1	4.48100	mansfield
784	1	1	0	4.48100	manning
785	1	0	1	4.48100	manchester
786	1	0	1	4.48100	male
787	1	1	0	4.48100	maintain
788	1	0	1	4.48100	main
789	2	2	0	4.48100	maid
790	1	0	1	4.48100	machinery
791	1	0	1	4.48100	machine
792	1	0	1	4.48100	macclesfield
793	2	0	2	4.48100	ma
794	1	1	0	4.48100	luxury
795	3	1	2	4.48100	loves
796	1	1	0	4.48100	loveliness
797	1	0	1	4.48100	loveliest
798	2	1	1	4.48100	lot
799	1	1	0	4.48100	lost
800	1	1	0	4.48100	lordship
801	1	1	0	4.48100	lords
802	1	0	1	4.48100	looming
803	1	1	0	4.48100	looks
804	1	0	1	4.48100	loneliest
805	1	0	1	4.48100	lodge
806	2	1	1	4.48100	lock
807	1	0	1	4.48100	loafing
808	1	1	0	4.48100	lizard
809	2	1	1	4.48100	lizabe
810	2	2	0	4.48100	livid
811	5	3	2	4.48100	lives
812	1	0	1	4.48100	litvin
813	2	0	2	4.48100	literal
814	1	1	0	4.48100	listened
815	1	1	0	4.48100	links
816	2	1	1	4.48100	limits
817	1	1	0	4.48100	limbed
818	1	1	0	4.48100	likeness
819	1	1	0	4.48100	lightish
820	8	3	5	4.48100	letters
821	1	1	0	4.48100	lethargy
822	1	1	0	4.48100	lesley
823	1	1	0	4.48100	lengths
824	1	1	0	4.48100	leg
825	1	1	0	4.48100	lecturer
826	1	1	0	4.48100	lecture
827	2	0	2	4.48100	leather
828	1	1	0	4.48100	leant
829	1	0	1	4.48100	leanness
830	1	0	1	4.48100	leading
831	2	0	2	4.48100	leaders
832	2	2	0	4.48100	lead
833	2	0	2	4.48100	lawn
834	1	1	0	4.48100	laterâ
835	4	2	2	4.48100	later
836	1	1	0	4.48100	lasting
837	1	1	0	4.48100	lasted
838	1	1	0	4.48100	lap
839	1	0	1	4.48100	lanterns
840	1	1	0	4.48100	langtry
841	2	0	2	4.48100	landing
842	1	0	1	4.48100	lamplit
843	1	0	1	4.48100	lamb
844	5	2	3	4.48100	lack
845	1	1	0	4.48100	knuckle
846	1	1	0	4.48100	knead
847	2	1	1	4.48100	kitchen
848	2	1	1	4.48100	kingsway
849	3	0	3	4.48100	king
850	1	1	0	4.48100	kindliness
851	1	0	1	4.48100	kennington
852	3	2	1	4.48100	keep
853	1	0	1	4.48100	katherine
854	1	1	0	4.48100	judging
855	1	0	1	4.48100	jsr
856	1	1	0	4.48100	jowitt
857	1	0	1	4.48100	journalists
858	1	0	1	4.48100	jacket
859	1	0	1	4.48100	ivy
860	1	1	0	4.48100	ivor
861	1	1	0	4.48100	ives
862	1	1	0	4.48100	italic
863	1	0	1	4.48100	issued
864	1	0	1	4.48100	isn
865	1	0	1	4.48100	isles
866	1	0	1	4.48100	ish
867	1	0	1	4.48100	irrational
868	1	0	1	4.48100	invigoration
869	1	0	1	4.48100	intolerable
870	2	2	0	4.48100	interviews
871	2	1	1	4.48100	interruptions
872	1	0	1	4.48100	interruption
873	1	0	1	4.48100	intelligently
874	1	1	0	4.48100	integument
875	1	1	0	4.48100	instinctive
876	2	1	1	4.48100	instinct
877	1	1	0	4.48100	instances
878	1	1	0	4.48100	insecurity
879	1	0	1	4.48100	innumerable
880	1	0	1	4.48100	influenza
881	1	0	1	4.48100	infinitely
882	1	0	1	4.48100	inference
883	1	1	0	4.48100	inexpressibly
884	1	0	1	4.48100	inexplicably
885	1	0	1	4.48100	industry
886	1	0	1	4.48100	increases
887	1	1	0	4.48100	increase
888	1	0	1	4.48100	inconclusive
889	1	1	0	4.48100	include
890	1	0	1	4.48100	inclines
891	1	1	0	4.48100	inch
892	1	1	0	4.48100	improvise
893	2	2	0	4.48100	impression
894	1	0	1	4.48100	impartial
895	1	0	1	4.48100	imparted
896	1	1	0	4.48100	immune
897	1	0	1	4.48100	imbecile
898	1	0	1	4.48100	image
899	1	0	1	4.48100	ilp
900	1	0	1	4.48100	illuminates
901	1	0	1	4.48100	illegal
902	1	0	1	4.48100	ight
903	1	1	0	4.48100	idle
904	1	0	1	4.48100	hyde
905	2	2	0	4.48100	hums
906	1	1	0	4.48100	humanity
907	1	1	0	4.48100	hugh
908	5	2	3	4.48100	hubert
909	1	0	1	4.48100	hourglass
910	2	0	2	4.48100	hotel
911	5	0	5	4.48100	hot
912	1	1	0	4.48100	hostile
913	1	1	0	4.48100	horses
914	1	0	1	4.48100	hooting
915	1	1	0	4.48100	hollows
916	1	0	1	4.48100	hollow
917	1	0	1	4.48100	holiest
918	2	1	1	4.48100	hold
919	1	0	1	4.48100	holborn
920	1	1	0	4.48100	hogarth
921	1	0	1	4.48100	history
922	1	1	0	4.48100	historical
923	1	1	0	4.48100	hilda
924	1	0	1	4.48100	high
925	1	0	1	4.48100	hierarchy
926	1	0	1	4.48100	herald
927	2	0	2	4.48100	henry
928	1	1	0	4.48100	henderson
929	1	0	1	4.48100	heights
930	2	1	1	4.48100	heat
931	1	0	1	4.48100	heart
932	2	1	1	4.48100	headed
933	1	0	1	4.48100	haze
934	1	0	1	4.48100	hawthornden
935	2	2	0	4.48100	haws
936	1	1	0	4.48100	harpers
937	1	1	0	4.48100	harmonious
938	1	0	1	4.48100	harm
939	1	0	1	4.48100	harem
940	1	0	1	4.48100	hardys
941	2	2	0	4.48100	harder
942	1	0	1	4.48100	happiest
943	1	0	1	4.48100	halt
944	1	0	1	4.48100	hall
945	1	1	0	4.48100	halfs
946	4	1	3	4.48100	habit
947	1	0	1	4.48100	gvt
948	1	0	1	4.48100	gush
949	1	0	1	4.48100	gun
950	1	0	1	4.48100	gulls
951	1	0	1	4.48100	guardian
952	1	1	0	4.48100	guard
953	1	1	0	4.48100	grips
954	1	0	1	4.48100	greenwich
955	4	0	4	4.48100	greatest
956	1	0	1	4.48100	grateful
957	2	0	2	4.48100	gramophone
958	1	1	0	4.48100	grained
959	1	1	0	4.48100	grace
960	5	3	2	4.48100	government
961	1	0	1	4.48100	gottstalk
962	1	1	0	4.48100	gloom
963	1	0	1	4.48100	given
964	1	0	1	4.48100	gifted
965	1	1	0	4.48100	ghosts
966	1	1	0	4.48100	ghastly
967	1	0	1	4.48100	german
968	1	0	1	4.48100	geralds
969	1	1	0	4.48100	gently
970	1	0	1	4.48100	gentlemanly
971	1	0	1	4.48100	genji
972	1	0	1	4.48100	general
973	1	0	1	4.48100	gazette
974	1	0	1	4.48100	gathorne
975	1	0	1	4.48100	gate
976	1	0	1	4.48100	gaslight
977	5	1	4	4.48100	gas
978	1	1	0	4.48100	garnett
979	1	0	1	4.48100	gaping
980	1	1	0	4.48100	galsworthy
981	1	0	1	4.48100	gadflies
982	1	1	0	4.48100	fussy
983	1	0	1	4.48100	furniture
984	1	0	1	4.48100	fun
985	1	0	1	4.48100	fuller
986	1	1	0	4.48100	frozen
987	2	1	1	4.48100	fresher
988	2	0	2	4.48100	forum
989	1	1	0	4.48100	fortnum
990	1	1	0	4.48100	forgetting
991	2	0	2	4.48100	forest
992	2	0	2	4.48100	forced
993	1	1	0	4.48100	foolishest
994	1	0	1	4.48100	food
995	1	0	1	4.48100	following
996	1	1	0	4.48100	flutter
997	3	3	0	4.48100	fluency
998	1	0	1	4.48100	flue
999	1	1	0	4.48100	flood
1000	1	1	0	4.48100	flogging
1001	1	0	1	4.48100	flickering
1002	1	1	0	4.48100	fletcher
1003	1	0	1	4.48100	flatness
1004	1	1	0	4.48100	fit
1005	1	0	1	4.48100	fishers
1006	1	1	0	4.48100	fished
1007	1	1	0	4.48100	firmly
1008	1	0	1	4.48100	fires
1009	4	2	2	4.48100	fire
1010	1	1	0	4.48100	fifteen
1011	1	1	0	4.48100	feverishly
1012	1	1	0	4.48100	fertility
1013	1	1	0	4.48100	fawned
1014	1	1	0	4.48100	fausset
1015	1	0	1	4.48100	fate
1016	1	0	1	4.48100	fanatical
1017	1	0	1	4.48100	falmer
1018	1	1	0	4.48100	faint
1019	2	0	2	4.48100	failed
1020	1	1	0	4.48100	fads
1021	1	0	1	4.48100	faceâ
1022	2	0	2	4.48100	eyeless
1023	1	0	1	4.48100	extreme
1024	1	0	1	4.48100	expressive
1025	1	1	0	4.48100	exploit
1026	2	1	1	4.48100	experience
1027	1	1	0	4.48100	exorcised
1028	1	0	1	4.48100	exists
1029	2	0	2	4.48100	excruciating
1030	2	1	1	4.48100	excited
1031	2	2	0	4.48100	excepting
1032	1	0	1	4.48100	exaggerates
1033	2	1	1	4.48100	exacerbated
1034	1	1	0	4.48100	evoking
1035	1	1	0	4.48100	evil
1036	2	0	2	4.48100	event
1037	1	1	0	4.48100	evasive
1038	1	0	1	4.48100	eum
1039	1	0	1	4.48100	etoile
1040	1	0	1	4.48100	erald
1041	1	1	0	4.48100	equipment
1042	2	2	0	4.48100	epitaphs
1043	1	1	0	4.48100	envelopes
1044	1	0	1	4.48100	enthusiasm
1045	1	1	0	4.48100	enter
1046	2	2	0	4.48100	ensured
1047	1	1	0	4.48100	enought
1048	1	0	1	4.48100	enjoyable
1049	3	0	3	4.48100	english
1050	1	0	1	4.48100	engagement
1051	1	1	0	4.48100	endsâ
1052	2	0	2	4.48100	ends
1053	1	1	0	4.48100	ended
1054	1	1	0	4.48100	endeavour
1055	1	1	0	4.48100	enclosing
1056	1	1	0	4.48100	emotional
1057	1	1	0	4.48100	emendations
1058	1	1	0	4.48100	elusive
1059	2	1	1	4.48100	elly
1060	1	0	1	4.48100	elizabeth
1061	1	0	1	4.48100	elements
1062	2	1	1	4.48100	electricity
1063	1	1	0	4.48100	electric
1064	1	1	0	4.48100	elation
1065	1	0	1	4.48100	efforts
1066	1	1	0	4.48100	efficiently
1067	2	1	1	4.48100	effects
1068	1	0	1	4.48100	effected
1069	3	2	1	4.48100	effect
1070	1	1	0	4.48100	edition
1071	1	0	1	4.48100	economics
1072	1	0	1	4.48100	easygoing
1073	1	0	1	4.48100	east
1074	1	1	0	4.48100	earth
1075	1	1	0	4.48100	dustily
1076	1	1	0	4.48100	due
1077	1	0	1	4.48100	duchess
1078	1	0	1	4.48100	dublin
1079	1	0	1	4.48100	drudgery
1080	1	1	0	4.48100	drove
1081	1	1	0	4.48100	drew
1082	1	1	0	4.48100	dressmaker
1083	1	0	1	4.48100	drains
1084	1	0	1	4.48100	drainpipes
1085	1	0	1	4.48100	dragging
1086	1	0	1	4.48100	drabness
1087	1	0	1	4.48100	downland
1088	1	0	1	4.48100	dotes
1089	1	1	0	4.48100	dose
1090	1	0	1	4.48100	doorstep
1091	2	2	0	4.48100	donovan
1092	5	2	3	4.48100	dogs
1093	1	1	0	4.48100	doctor
1094	1	1	0	4.48100	disturbing
1095	1	1	0	4.48100	dissolving
1096	1	1	0	4.48100	dissolved
1097	1	0	1	4.48100	dissing
1098	1	1	0	4.48100	displeasing
1099	2	0	2	4.48100	displayed
1100	1	1	0	4.48100	dismisses
1101	2	0	2	4.48100	dismal
1102	2	0	2	4.48100	disliked
1103	1	1	0	4.48100	disillusioned
1104	1	1	0	4.48100	discussing
1105	2	2	0	4.48100	discuss
1106	1	0	1	4.48100	discomfort
1107	1	0	1	4.48100	disagreeable
1108	1	1	0	4.48100	dim
1109	1	1	0	4.48100	diligently
1110	1	1	0	4.48100	dignity
1111	1	1	0	4.48100	differ
1112	1	0	1	4.48100	die
1113	1	1	0	4.48100	diamond
1114	1	0	1	4.48100	dial
1115	1	1	0	4.48100	devoted
1116	1	0	1	4.48100	devil
1117	1	1	0	4.48100	development
1118	1	1	0	4.48100	developing
1119	1	1	0	4.48100	detested
1120	1	0	1	4.48100	despicable
1121	1	1	0	4.48100	design
1122	1	0	1	4.48100	descendant
1123	2	1	1	4.48100	depressing
1124	1	1	0	4.48100	depends
1125	1	1	0	4.48100	dependent
1126	1	1	0	4.48100	dependable
1127	1	1	0	4.48100	delight
1128	1	0	1	4.48100	delicious
1129	1	1	0	4.48100	declaim
1130	1	1	0	4.48100	deck
1131	1	0	1	4.48100	decided
1132	1	1	0	4.48100	decide
1133	5	2	3	4.48100	dead
1134	1	0	1	4.48100	date
1135	2	2	0	4.48100	dashing
1136	1	1	0	4.48100	dashed
1137	1	0	1	4.48100	darwins
1138	1	0	1	4.48100	dapper
1139	1	0	1	4.48100	dancing
1140	5	2	3	4.48100	damp
1141	1	1	0	4.48100	dalton
1142	1	1	0	4.48100	dailies
1143	1	0	1	4.48100	curtains
1144	1	0	1	4.48100	curtain
1145	3	2	1	4.48100	curse
1146	5	2	3	4.48100	curious
1147	1	1	0	4.48100	curbed
1148	1	1	0	4.48100	crushed
1149	1	0	1	4.48100	crush
1150	5	1	4	4.48100	crowd
1151	1	1	0	4.48100	criticised
1152	1	1	0	4.48100	crimson
1153	1	1	0	4.48100	crime
1154	2	2	0	4.48100	cream
1155	1	0	1	4.48100	creaks
1156	1	0	1	4.48100	crazy
1157	2	2	0	4.48100	cranbourne
1158	1	0	1	4.48100	crack
1159	1	0	1	4.48100	cowper
1160	1	0	1	4.48100	cover
1161	1	0	1	4.48100	cousins
1162	1	1	0	4.48100	correspondence
1163	1	1	0	4.48100	correct
1164	1	1	0	4.48100	cornfields
1165	1	0	1	4.48100	corn
1166	1	0	1	4.48100	core
1167	2	1	1	4.48100	copy
1168	1	0	1	4.48100	convenience
1169	1	0	1	4.48100	contradictory
1170	2	0	2	4.48100	continues
1171	1	1	0	4.48100	confusion
1172	1	0	1	4.48100	conferring
1173	1	0	1	4.48100	conciliatory
1174	1	0	1	4.48100	composing
1175	1	0	1	4.48100	component
1176	3	1	2	4.48100	commons
1177	1	1	0	4.48100	commonplace
1178	1	0	1	4.48100	commercio
1179	2	2	0	4.48100	commanding
1180	1	1	0	4.48100	command
1181	1	0	1	4.48100	comeliness
1182	1	0	1	4.48100	combs
1183	1	1	0	4.48100	combination
1184	1	1	0	4.48100	columns
1185	1	0	1	4.48100	colourlessness
1186	3	2	1	4.48100	colourless
1187	1	1	0	4.48100	collisionâ
1188	1	0	1	4.48100	coldness
1189	1	0	1	4.48100	coarse
1190	1	0	1	4.48100	closets
1191	1	1	0	4.48100	climbing
1192	2	1	1	4.48100	cleverish
1193	1	1	0	4.48100	clerks
1194	2	1	1	4.48100	clergyman
1195	2	0	2	4.48100	cleanliness
1196	1	0	1	4.48100	classes
1197	2	0	2	4.48100	clamour
1198	1	1	0	4.48100	claims
1199	1	0	1	4.48100	cistern
1200	1	0	1	4.48100	chocolates
1201	1	0	1	4.48100	chinese
1202	1	1	0	4.48100	chimed
1203	1	0	1	4.48100	chiltington
1204	1	0	1	4.48100	chief
1205	1	1	0	4.48100	chickens
1206	1	0	1	4.48100	cherry
1207	1	1	0	4.48100	cheque
1208	1	0	1	4.48100	cheering
1209	1	0	1	4.48100	chbisho
1210	2	2	0	4.48100	chase
1211	1	0	1	4.48100	charms
1212	2	0	2	4.48100	chapters
1213	4	2	2	4.48100	change
1214	1	1	0	4.48100	champco
1215	1	1	0	4.48100	certainly
1216	2	1	1	4.48100	centuries
1217	1	0	1	4.48100	centre
1218	1	0	1	4.48100	cenotaph
1219	1	1	0	4.48100	celebrated
1220	1	1	0	4.48100	celebrate
1221	1	0	1	4.48100	cautious
1222	1	1	0	4.48100	caught
1223	1	1	0	4.48100	castrated
1224	1	1	0	4.48100	casting
1225	1	0	1	4.48100	castello
1226	1	1	0	4.48100	carried
1227	1	0	1	4.48100	carriages
1228	1	1	0	4.48100	carmichael
1229	1	1	0	4.48100	cards
1230	1	0	1	4.48100	caprice
1231	1	1	0	4.48100	capital
1232	1	0	1	4.48100	canterbury
1233	1	1	0	4.48100	cambridge
1234	2	1	1	4.48100	buses
1235	1	1	0	4.48100	burst
1236	1	0	1	4.48100	burning
1237	1	0	1	4.48100	bull
1238	2	1	1	4.48100	buildings
1239	4	1	3	4.48100	building
1240	1	1	0	4.48100	buggers
1241	1	0	1	4.48100	buckles
1242	1	0	1	4.48100	brute
1243	1	0	1	4.48100	brunswick
1244	2	2	0	4.48100	broken
1245	1	0	1	4.48100	britain
1246	1	1	0	4.48100	brisking
1247	2	1	1	4.48100	bringing
1248	1	1	0	4.48100	brilliantly
1249	1	1	0	4.48100	brighton
1250	1	1	0	4.48100	bright
1251	1	0	1	4.48100	bridge
1252	2	2	0	4.48100	brenan
1253	1	1	0	4.48100	breeches
1254	1	0	1	4.48100	breast
1255	1	0	1	4.48100	bread
1256	1	1	0	4.48100	boys
1257	1	1	0	4.48100	boundless
1258	1	1	0	4.48100	bounding
1259	1	0	1	4.48100	boulesteins
1260	1	1	0	4.48100	bores
1261	1	0	1	4.48100	booming
1262	1	1	0	4.48100	bookish
1263	1	1	0	4.48100	bombs
1264	2	1	1	4.48100	body
1265	1	1	0	4.48100	blunt
1266	1	1	0	4.48100	blow
1267	1	1	0	4.48100	blossom
1268	1	0	1	4.48100	blind
1269	1	0	1	4.48100	blessed
1270	2	0	2	4.48100	blazing
1271	1	1	0	4.48100	blaspheming
1272	2	0	2	4.48100	blackmore
1273	3	1	2	4.48100	birthday
1274	1	0	1	4.48100	biggest
1275	1	1	0	4.48100	biarritz
1276	1	1	0	4.48100	benevolent
1277	3	1	2	4.48100	beneath
1278	1	1	0	4.48100	begins
1279	1	0	1	4.48100	bedroom
1280	1	1	0	4.48100	beams
1281	2	0	2	4.48100	battles
1282	1	0	1	4.48100	battlefield
1283	1	0	1	4.48100	battered
1284	1	1	0	4.48100	batten
1285	2	0	2	4.48100	baths
1286	1	0	1	4.48100	barren
1287	1	1	0	4.48100	barn
1288	1	1	0	4.48100	baptised
1289	2	0	2	4.48100	ballet
1290	1	1	0	4.48100	ball
1291	1	1	0	4.48100	baldnecked
1292	1	0	1	4.48100	bakers
1293	1	1	0	4.48100	ay
1294	1	0	1	4.48100	avoided
1295	1	0	1	4.48100	avenue
1296	1	0	1	4.48100	automobile
1297	1	0	1	4.48100	austere
1298	1	0	1	4.48100	august
1299	1	0	1	4.48100	auckland
1300	1	0	1	4.48100	attractive
1301	1	1	0	4.48100	attended
1302	2	1	1	4.48100	attempt
1303	1	0	1	4.48100	atlantic
1304	1	1	0	4.48100	astounding
1305	1	1	0	4.48100	astonishingly
1306	1	0	1	4.48100	assuming
1307	1	0	1	4.48100	assumed
1308	1	0	1	4.48100	asleep
1309	1	0	1	4.48100	aside
1310	1	0	1	4.48100	asheham
1311	1	0	1	4.48100	articulate
1312	1	1	0	4.48100	arriving
1313	2	1	1	4.48100	arrived
1314	1	0	1	4.48100	arranging
1315	1	0	1	4.48100	arguments
1316	1	1	0	4.48100	argaret
1317	1	0	1	4.48100	archbishop
1318	1	0	1	4.48100	ar
1319	1	0	1	4.48100	appreciates
1320	1	0	1	4.48100	apostles
1321	2	1	1	4.48100	anrep
1322	1	1	0	4.48100	anguish
1323	1	1	0	4.48100	angle
1324	1	1	0	4.48100	ancestresses
1325	1	1	0	4.48100	amount
1326	1	0	1	4.48100	amazement
1327	1	1	0	4.48100	alys
1328	1	0	1	4.48100	alternately
1329	1	1	0	4.48100	allowed
1330	2	2	0	4.48100	alloway
1331	1	0	1	4.48100	allella
1332	1	0	1	4.48100	alienation
1333	1	0	1	4.48100	alarming
1334	7	3	4	4.48100	air
1335	1	1	0	4.48100	aimless
1336	2	2	0	4.48100	agony
1337	6	5	1	4.48100	against
1338	6	0	6	4.48100	afternoon
1339	1	0	1	4.48100	aeroplane
1340	1	1	0	4.48100	advice
1341	1	1	0	4.48100	advertisements
1342	1	0	1	4.48100	advent
1343	1	1	0	4.48100	advancing
1344	1	0	1	4.48100	admirable
1345	1	0	1	4.48100	adelphi
1346	1	0	1	4.48100	addressing
1347	3	1	2	4.48100	address
1348	1	0	1	4.48100	adding
1349	1	0	1	4.48100	adamant
1350	2	0	2	4.48100	actual
1351	1	1	0	4.48100	actress
1352	1	0	1	4.48100	acres
1353	1	1	0	4.48100	achieved
1354	1	0	1	4.48100	accumulation
1355	1	0	1	4.48100	accumulated
1356	1	1	0	4.48100	abused
1357	2	0	2	4.48100	abstract
1358	1	0	1	4.48100	absence
1359	2	0	2	4.48100	aboriginal
1360	1	0	1	4.48100	abnormal
1361	1	0	1	4.48100	abiding
1362	17	4	13	4.39853	end
1363	15	2	13	4.38789	whole
1364	13	3	10	4.37408	summer
1365	22	6	16	4.35547	other
1366	18	2	16	4.32899	most
1367	8	2	6	4.31107	coming
1368	8	3	5	4.31107	anyhow
1369	6	2	4	4.25860	voice
1370	6	3	3	4.25860	story
1371	12	9	3	4.25860	sat
1372	6	0	6	4.25860	review
1373	6	2	4	4.25860	hard
1374	6	1	5	4.25860	country
1375	11	4	7	4.23999	comes
1376	10	5	5	4.21796	saw
1377	10	4	6	4.21796	men
1378	5	2	3	4.21796	hour
1379	5	2	3	4.21796	affair
1380	9	8	1	4.19149	remember
1381	4	2	2	4.15907	windy
1382	4	2	2	4.15907	watch
1383	8	0	8	4.15907	question
1384	4	1	3	4.15907	point
1385	4	0	4	4.15907	others
1386	4	2	2	4.15907	memoirs
1387	4	3	1	4.15907	lily
1388	4	2	2	4.15907	difficult
1389	8	4	4	4.15907	dalloway
1390	11	3	8	4.13307	word
1391	17	8	9	4.10903	days
1392	6	2	4	4.06596	yes
1393	3	1	2	4.06596	wd
1394	3	0	3	4.06596	u
1395	3	1	2	4.06596	sentimental
1396	3	2	1	4.06596	profound
1397	3	1	2	4.06596	pink
1398	3	2	1	4.06596	peace
1399	3	0	3	4.06596	names
1400	12	1	11	4.06596	moment
1401	3	0	3	4.06596	least
1402	3	0	3	4.06596	large
1403	3	2	1	4.06596	intense
1404	3	2	1	4.06596	imagine
1405	12	3	9	4.06596	house
1406	3	1	2	4.06596	fog
1407	3	1	2	4.06596	flattery
1408	3	1	2	4.06596	figure
1409	3	3	0	4.06596	exact
1410	3	2	1	4.06596	entirely
1411	3	1	2	4.06596	empty
1412	3	0	3	4.06596	difficulties
1413	3	1	2	4.06596	cloud
1414	6	2	4	4.06596	cannot
1415	3	2	1	4.06596	bell
1416	3	1	2	4.06596	baldwin
1417	3	2	1	4.06596	atmosphere
1418	384	155	229	4.04082	of
1419	23	7	16	4.00456	night
1420	10	6	4	3.99557	where
1421	5	4	1	3.99557	standing
1422	5	2	3	3.99557	passage
1423	5	1	4	3.99557	page
1424	5	4	1	3.99557	mr
1425	5	3	2	3.99557	heard
1426	5	1	4	3.99557	hand
1427	5	2	3	3.99557	grey
1428	5	1	4	3.99557	door
1429	5	0	5	3.99557	best
1430	10	3	7	3.99557	almost
1431	12	2	10	3.97850	usual
1432	7	1	6	3.96642	children
1433	16	2	14	3.95743	thing
1434	16	7	9	3.95743	morning
1435	9	5	4	3.95048	lady
1436	11	4	7	3.94043	room
1437	10	5	5	3.89603	year
1438	2	0	2	3.89603	worked
1439	2	1	1	3.89603	womanly
1440	2	1	1	3.89603	windows
1441	6	4	2	3.89603	walked
1442	2	1	1	3.89603	towards
1443	2	2	0	3.89603	theory
1444	2	1	1	3.89603	telling
1445	2	0	2	3.89603	sympathy
1446	6	3	3	3.89603	suddenly
1447	2	1	1	3.89603	success
1448	4	0	4	3.89603	straight
1449	2	1	1	3.89603	stale
1450	2	1	1	3.89603	stage
1451	2	1	1	3.89603	spring
1452	4	3	1	3.89603	society
1453	4	3	1	3.89603	sit
1454	2	1	1	3.89603	silent
1455	2	1	1	3.89603	showing
1456	4	2	2	3.89603	short
1457	2	1	1	3.89603	seem
1458	2	0	2	3.89603	sea
1459	2	0	2	3.89603	running
1460	2	2	0	3.89603	richmond
1461	2	0	2	3.89603	returning
1462	2	0	2	3.89603	pulled
1463	2	2	0	3.89603	print
1464	2	0	2	3.89603	present
1465	2	0	2	3.89603	practically
1466	2	0	2	3.89603	post
1467	2	1	1	3.89603	pointed
1468	2	2	0	3.89603	pleased
1469	2	0	2	3.89603	piece
1470	4	2	2	3.89603	picture
1471	4	2	2	3.89603	parts
1472	4	1	3	3.89603	ottoline
1473	2	1	1	3.89603	operation
1474	2	1	1	3.89603	needs
1475	2	2	0	3.89603	need
1476	2	1	1	3.89603	nearly
1477	2	2	0	3.89603	name
1478	8	5	3	3.89603	miss
1479	2	0	2	3.89603	manner
1480	10	5	5	3.89603	making
1481	2	1	1	3.89603	loved
1482	2	2	0	3.89603	laughed
1483	2	2	0	3.89603	knowing
1484	2	1	1	3.89603	knew
1485	2	2	0	3.89603	kissed
1486	4	2	2	3.89603	kept
1487	2	2	0	3.89603	journey
1488	2	1	1	3.89603	infinite
1489	4	1	3	3.89603	ideas
1490	4	2	2	3.89603	hours
1491	2	2	0	3.89603	hear
1492	2	2	0	3.89603	harold
1493	2	0	2	3.89603	grizzle
1494	2	0	2	3.89603	grind
1495	2	1	1	3.89603	fresh
1496	2	1	1	3.89603	flowers
1497	4	4	0	3.89603	flat
1498	2	2	0	3.89603	fingers
1499	2	1	1	3.89603	falling
1500	2	2	0	3.89603	extremely
1501	8	4	4	3.89603	enough
1502	2	0	2	3.89603	england
1503	2	0	2	3.89603	emotions
1504	2	1	1	3.89603	dulness
1505	2	2	0	3.89603	dread
1506	2	1	1	3.89603	dottie
1507	2	1	1	3.89603	desperate
1508	2	0	2	3.89603	daughter
1509	2	2	0	3.89603	conscious
1510	2	2	0	3.89603	conceive
1511	2	2	0	3.89603	compare
1512	2	2	0	3.89603	child
1513	2	0	2	3.89603	chapter
1514	2	2	0	3.89603	catch
1515	2	0	2	3.89603	british
1516	2	2	0	3.89603	brilliant
1517	2	1	1	3.89603	bloomsbury
1518	8	3	5	3.89603	between
1519	2	0	2	3.89603	better
1520	4	0	4	3.89603	b
1521	8	2	6	3.89603	also
1522	4	3	1	3.89603	already
1523	2	2	0	3.89603	abroad
1524	22	6	16	3.85297	time
1525	9	2	7	3.84357	state
1526	7	2	5	3.82892	right
1527	7	6	1	3.82892	really
1528	7	5	2	3.82892	dined
1529	5	0	5	3.80292	times
1530	10	8	2	3.80292	round
1531	5	5	0	3.80292	novel
1532	5	1	4	3.80292	method
1533	103	72	31	3.78379	at
1534	16	6	10	3.78056	c
1535	11	6	5	3.77050	talk
1536	17	7	10	3.76110	only
1537	12	7	5	3.74403	work
1538	3	0	3	3.74403	weather
1539	3	2	1	3.74403	warm
1540	3	2	1	3.74403	vogue
1541	6	6	0	3.74403	under
1542	6	5	1	3.74403	sitting
1543	3	1	2	3.74403	settle
1544	3	2	1	3.74403	sent
1545	3	1	2	3.74403	seemed
1546	3	2	1	3.74403	piano
1547	3	1	2	3.74403	partly
1548	3	1	2	3.74403	normal
1549	3	1	2	3.74403	nice
1550	3	1	2	3.74403	gossip
1551	3	2	1	3.74403	gosse
1552	6	4	2	3.74403	few
1553	3	1	2	3.74403	early
1554	3	1	2	3.74403	deep
1555	3	2	1	3.74403	colefax
1556	3	3	0	3.74403	characters
1557	3	2	1	3.74403	business
1558	3	1	2	3.74403	brown
1559	3	2	1	3.74403	brace
1560	3	1	2	3.74403	bought
1561	3	1	2	3.74403	art
1562	104	72	32	3.73849	on
1563	7	2	5	3.70339	r
1564	7	3	4	3.70339	quite
1565	7	2	5	3.70339	light
1566	28	9	19	3.70339	last
1567	18	15	3	3.69673	into
1568	75	43	32	3.68745	all
1569	4	0	4	3.67364	water
1570	4	2	2	3.67364	used
1571	4	1	3	3.67364	record
1572	4	1	3	3.67364	o
1573	4	4	0	3.67364	happy
1574	4	2	2	3.67364	every
1575	4	2	2	3.67364	compliments
1576	9	7	2	3.65092	monday
1577	193	135	58	3.64719	in
1578	5	3	2	3.63300	sold
1579	5	1	4	3.63300	second
1580	5	5	0	3.63300	finished
1581	6	4	2	3.60653	told
1582	6	2	4	3.60653	quiet
1583	6	2	4	3.60653	london
1584	6	3	3	3.60653	brain
1585	6	4	2	3.60653	begin
1586	40	17	23	3.59347	are
1587	8	4	4	3.57411	made
1588	8	3	5	3.57411	feeling
1589	18	13	5	3.56346	get
1590	10	5	5	3.55500	down
1591	10	2	8	3.55500	day
1592	17	10	7	3.52407	people
1593	35	18	17	3.52282	am
1594	49	25	24	3.51074	has
1595	1	0	1	3.48100	â
1596	1	0	1	3.48100	york
1597	6	3	3	3.48100	yesterday
1598	1	1	0	3.48100	wretched
1599	1	1	0	3.48100	worry
1600	2	1	1	3.48100	working
1601	12	6	6	3.48100	week
1602	1	1	0	3.48100	various
1603	1	1	0	3.48100	vaguely
1604	1	0	1	3.48100	unhappy
1605	1	0	1	3.48100	understand
1606	1	0	1	3.48100	type
1607	3	2	1	3.48100	try
1608	1	0	1	3.48100	travelled
1609	1	1	0	3.48100	touch
1610	4	1	3	3.48100	top
1611	10	6	4	3.48100	today
1612	1	0	1	3.48100	tilton
1613	2	1	1	3.48100	thus
1614	5	3	2	3.48100	thinking
1615	1	1	0	3.48100	thin
1616	29	12	17	3.48100	there
1617	1	1	0	3.48100	theories
1618	1	1	0	3.48100	theirs
1619	7	5	2	3.48100	tell
1620	1	1	0	3.48100	telephones
1621	1	0	1	3.48100	takes
1622	9	6	3	3.48100	take
1623	1	1	0	3.48100	sure
1624	1	0	1	3.48100	successful
1625	1	0	1	3.48100	style
1626	2	2	0	3.48100	struck
1627	1	0	1	3.48100	stout
1628	2	1	1	3.48100	stop
1629	1	0	1	3.48100	stick
1630	1	0	1	3.48100	stephens
1631	2	2	0	3.48100	start
1632	1	0	1	3.48100	spruce
1633	1	0	1	3.48100	splendid
1634	1	1	0	3.48100	spiritual
1635	2	2	0	3.48100	spend
1636	1	1	0	3.48100	speaking
1637	1	0	1	3.48100	space
1638	1	0	1	3.48100	sorts
1639	2	1	1	3.48100	sort
1640	1	0	1	3.48100	smart
1641	1	0	1	3.48100	six
1642	1	0	1	3.48100	sir
1643	1	1	0	3.48100	simple
1644	1	1	0	3.48100	silver
1645	1	0	1	3.48100	shoulders
1646	1	0	1	3.48100	sheep
1647	1	1	0	3.48100	shade
1648	1	0	1	3.48100	shabby
1649	1	0	1	3.48100	sensible
1650	1	0	1	3.48100	send
1651	2	1	1	3.48100	sees
1652	3	1	2	3.48100	seeing
1653	1	0	1	3.48100	season
1654	2	1	1	3.48100	screens
1655	1	0	1	3.48100	scott
1656	1	0	1	3.48100	schoolgirl
1657	1	1	0	3.48100	scenes
1658	1	0	1	3.48100	saxon
1659	2	2	0	3.48100	sands
1660	1	0	1	3.48100	rough
1661	9	7	2	3.48100	rodmell
1662	1	1	0	3.48100	rise
1663	1	1	0	3.48100	ringing
1664	1	0	1	3.48100	rich
1665	1	1	0	3.48100	revising
1666	1	1	0	3.48100	respectable
1667	2	0	2	3.48100	respectability
1668	1	1	0	3.48100	reminding
1669	1	0	1	3.48100	remain
1670	1	1	0	3.48100	relationship
1671	1	1	0	3.48100	reach
1672	1	0	1	3.48100	rd
1673	1	0	1	3.48100	ray
1674	1	0	1	3.48100	raised
1675	1	0	1	3.48100	purpose
1676	1	0	1	3.48100	proust
1677	1	1	0	3.48100	profoundly
1678	1	0	1	3.48100	problem
1679	1	1	0	3.48100	prevents
1680	1	1	0	3.48100	pretty
1681	1	1	0	3.48100	presence
1682	1	0	1	3.48100	praising
1683	1	1	0	3.48100	powerful
1684	1	1	0	3.48100	positive
1685	3	2	1	3.48100	poetry
1686	1	0	1	3.48100	poet
1687	1	1	0	3.48100	poems
1688	1	1	0	3.48100	pocket
1689	1	0	1	3.48100	plays
1690	2	2	0	3.48100	played
1691	1	0	1	3.48100	pinker
1692	1	0	1	3.48100	pieces
1693	1	1	0	3.48100	pick
1694	2	0	2	3.48100	phil
1695	2	0	2	3.48100	perfectly
1696	2	2	0	3.48100	perfect
1697	1	0	1	3.48100	pathetic
1698	1	1	0	3.48100	paris
1699	1	0	1	3.48100	papers
1700	1	0	1	3.48100	palace
1701	4	1	3	3.48100	pages
1702	2	0	2	3.48100	p
1703	42	29	13	3.48100	out
1704	1	1	0	3.48100	ourselves
1705	1	1	0	3.48100	ostensibly
1706	1	0	1	3.48100	opened
1707	1	1	0	3.48100	official
1708	1	0	1	3.48100	occasion
1709	1	0	1	3.48100	nuisance
1710	1	0	1	3.48100	noticed
1711	2	1	1	3.48100	note
1712	2	1	1	3.48100	nose
1713	1	0	1	3.48100	needed
1714	1	0	1	3.48100	neck
1715	1	0	1	3.48100	narrative
1716	1	1	0	3.48100	mystic
1717	1	0	1	3.48100	mouth
1718	1	1	0	3.48100	mothers
1719	4	4	0	3.48100	mother
1720	1	0	1	3.48100	mornings
1721	3	0	3	3.48100	morgan
1722	2	1	1	3.48100	months
1723	1	0	1	3.48100	monks
1724	4	1	3	3.48100	money
1725	1	1	0	3.48100	molly
1726	13	7	6	3.48100	mind
1727	1	0	1	3.48100	mild
1728	1	0	1	3.48100	mervyn
1729	1	1	0	3.48100	merely
1730	1	1	0	3.48100	maurice
1731	1	1	0	3.48100	masterpiece
1732	3	2	1	3.48100	march
1733	1	1	0	3.48100	marble
1734	4	1	3	3.48100	makes
1735	1	1	0	3.48100	mad
1736	2	0	2	3.48100	lying
1737	4	3	1	3.48100	lunch
1738	2	1	1	3.48100	low
1739	3	1	2	3.48100	lord
1740	2	1	1	3.48100	looked
1741	3	1	2	3.48100	literature
1742	1	1	0	3.48100	literary
1743	1	0	1	3.48100	lips
1744	1	0	1	3.48100	liked
1745	2	0	2	3.48100	lights
1746	1	1	0	3.48100	lies
1747	1	1	0	3.48100	liberty
1748	1	1	0	3.48100	lest
1749	1	0	1	3.48100	lean
1750	3	3	0	3.48100	labour
1751	2	2	0	3.48100	knole
1752	2	0	2	3.48100	kindly
1753	1	0	1	3.48100	ka
1754	3	2	1	3.48100	july
1755	1	1	0	3.48100	journalist
1756	1	1	0	3.48100	journalism
1757	2	1	1	3.48100	john
1758	1	1	0	3.48100	jacques
1759	2	0	2	3.48100	iwerne
1760	2	1	1	3.48100	itself
1761	1	1	0	3.48100	interest
1762	2	2	0	3.48100	instance
1763	1	0	1	3.48100	ink
1764	1	0	1	3.48100	incredible
1765	1	0	1	3.48100	inclined
1766	1	1	0	3.48100	incessant
1767	1	0	1	3.48100	immense
1768	1	1	0	3.48100	hungry
1769	1	0	1	3.48100	humbug
1770	5	3	2	3.48100	however
1771	2	1	1	3.48100	holiday
1772	1	0	1	3.48100	hid
1773	1	0	1	3.48100	heads
1774	1	0	1	3.48100	heading
1775	2	1	1	3.48100	head
1776	1	1	0	3.48100	happened
1777	1	0	1	3.48100	happen
1778	2	2	0	3.48100	hands
1779	1	0	1	3.48100	ham
1780	1	1	0	3.48100	ground
1781	1	0	1	3.48100	grocer
1782	16	5	11	3.48100	great
1783	2	1	1	3.48100	gold
1784	1	1	0	3.48100	giving
1785	3	3	0	3.48100	gives
1786	3	2	1	3.48100	girls
1787	1	1	0	3.48100	ghost
1788	2	2	0	3.48100	gerald
1789	1	1	0	3.48100	george
1790	1	0	1	3.48100	gay
1791	1	1	0	3.48100	gave
1792	1	1	0	3.48100	gather
1793	1	0	1	3.48100	game
1794	1	0	1	3.48100	gallery
1795	1	1	0	3.48100	future
1796	4	3	1	3.48100	friends
1797	1	0	1	3.48100	friendly
1798	1	1	0	3.48100	freedom
1799	1	1	0	3.48100	frankie
1800	1	1	0	3.48100	flourishing
1801	1	0	1	3.48100	float
1802	1	1	0	3.48100	finally
1803	1	0	1	3.48100	final
1804	1	0	1	3.48100	file
1805	1	0	1	3.48100	fetched
1806	1	0	1	3.48100	feels
1807	2	1	1	3.48100	fast
1808	1	1	0	3.48100	fan
1809	1	0	1	3.48100	fame
1810	1	0	1	3.48100	eye
1811	2	1	1	3.48100	expression
1812	1	0	1	3.48100	existence
1813	1	1	0	3.48100	excuse
1814	1	1	0	3.48100	excites
1815	2	2	0	3.48100	except
1816	1	1	0	3.48100	emerged
1817	1	1	0	3.48100	eccentric
1818	5	3	2	3.48100	easily
1819	1	1	0	3.48100	ease
1820	4	2	2	3.48100	e
1821	3	1	2	3.48100	duncan
1822	1	1	0	3.48100	dressing
1823	3	0	3	3.48100	dressed
1824	1	1	0	3.48100	downing
1825	1	1	0	3.48100	doubts
1826	1	1	0	3.48100	distracted
1827	1	0	1	3.48100	display
1828	2	2	0	3.48100	dislike
1829	1	1	0	3.48100	discovered
1830	1	0	1	3.48100	dirty
1831	1	0	1	3.48100	directly
1832	1	1	0	3.48100	direct
1833	1	0	1	3.48100	dentist
1834	1	1	0	3.48100	definite
1835	1	1	0	3.48100	cycle
1836	1	0	1	3.48100	crumb
1837	2	1	1	3.48100	criticism
1838	1	0	1	3.48100	conversation
1839	1	1	0	3.48100	complained
1840	2	1	1	3.48100	compared
1841	4	2	2	3.48100	common
1842	1	0	1	3.48100	com
1843	1	1	0	3.48100	clutch
1844	1	0	1	3.48100	club
1845	1	0	1	3.48100	clock
1846	1	0	1	3.48100	clerk
1847	1	1	0	3.48100	clearly
1848	1	1	0	3.48100	clearer
1849	1	0	1	3.48100	classic
1850	1	0	1	3.48100	circular
1851	1	0	1	3.48100	circle
1852	1	1	0	3.48100	cigarette
1853	1	1	0	3.48100	childhood
1854	1	0	1	3.48100	chelsea
1855	1	0	1	3.48100	chaos
1856	1	1	0	3.48100	changed
1857	2	1	1	3.48100	chance
1858	1	1	0	3.48100	chairs
1859	1	0	1	3.48100	cast
1860	2	2	0	3.48100	car
1861	1	0	1	3.48100	cancer
1862	1	1	0	3.48100	brooke
1863	1	1	0	3.48100	bound
1864	1	1	0	3.48100	bored
1865	1	1	0	3.48100	birrell
1866	5	2	3	3.48100	before
1867	9	5	4	3.48100	because
1868	1	0	1	3.48100	basement
1869	1	1	0	3.48100	baring
1870	1	0	1	3.48100	bank
1871	6	5	1	3.48100	away
1872	2	2	0	3.48100	attack
1873	1	1	0	3.48100	arguing
1874	1	0	1	3.48100	aren
1875	1	0	1	3.48100	ardent
1876	2	2	0	3.48100	april
1877	2	1	1	3.48100	appeared
1878	1	1	0	3.48100	anxious
1879	5	4	1	3.48100	another
1880	1	0	1	3.48100	annoyed
1881	5	2	3	3.48100	angus
1882	1	0	1	3.48100	angelica
1883	1	1	0	3.48100	amazing
1884	2	1	1	3.48100	agreed
1885	1	0	1	3.48100	affections
1886	1	0	1	3.48100	affairs
1887	1	1	0	3.48100	activity
1888	19	9	10	3.44352	when
1889	18	15	3	3.44147	over
1890	35	26	9	3.44035	about
1891	11	3	8	3.41687	way
1892	178	84	94	3.41370	is
1893	30	23	7	3.41061	from
1894	9	7	2	3.40299	went
1895	9	3	6	3.40299	though
1896	27	14	13	3.40299	how
1897	17	9	8	3.39853	book
1898	17	13	4	3.39853	after
1899	33	22	11	3.39611	up
1900	64	35	29	3.39353	we
1901	8	1	7	3.39353	nelly
1902	8	3	5	3.39353	man
1903	7	3	4	3.38146	just
1904	13	7	6	3.37408	were
1905	11	5	6	3.35547	its
1906	16	6	10	3.35171	who
1907	16	12	4	3.35171	m
1908	10	5	5	3.34349	woman
1909	5	1	4	3.34349	ve
1910	5	4	1	3.34349	done
1911	34	30	4	3.33964	by
1912	9	5	4	3.32899	tea
1913	9	7	2	3.32899	reading
1914	18	13	5	3.32899	go
1915	9	5	4	3.32899	dont
1916	87	39	48	3.31661	that
1917	4	2	2	3.31107	words
1918	4	4	0	3.31107	tuesday
1919	4	3	1	3.31107	seems
1920	4	0	4	3.31107	pen
1921	4	3	1	3.31107	mean
1922	4	2	2	3.31107	dear
1923	4	3	1	3.31107	buy
1924	11	4	7	3.29657	new
1925	69	50	19	3.29490	for
1926	276	175	101	3.29260	to
1927	7	4	3	3.28835	dinner
1928	17	8	9	3.28306	life
1929	13	6	7	3.27455	being
1930	19	12	7	3.26949	here
1931	426	213	213	3.26006	the
1932	3	2	1	3.25860	virginia
1933	27	12	15	3.25860	very
1934	9	3	6	3.25860	two
1935	21	14	7	3.25860	shall
1936	15	3	12	3.25860	old
1937	15	7	8	3.25860	much
1938	3	1	2	3.25860	herself
1939	3	0	3	3.25860	glad
1940	6	5	1	3.25860	found
1941	3	3	0	3.25860	finish
1942	3	2	1	3.25860	clear
1943	86	57	29	3.24193	with
1944	5	4	1	3.21796	walk
1945	5	3	2	3.21796	run
1946	5	4	1	3.21796	find
1947	17	7	10	3.21091	they
1948	7	3	4	3.20089	through
1949	7	3	4	3.20089	sense
1950	9	2	7	3.19149	things
1951	9	5	4	3.19149	going
1952	9	5	4	3.19149	feel
1953	19	10	9	3.17434	rather
1954	57	29	28	3.16414	have
1955	6	5	1	3.15907	without
1956	4	3	1	3.15907	wish
1957	4	3	1	3.15907	white
1958	4	2	2	3.15907	weeks
1959	2	1	1	3.15907	tom
1960	2	1	1	3.15907	together
1961	2	1	1	3.15907	thats
1962	6	5	1	3.15907	still
1963	2	1	1	3.15907	self
1964	4	2	2	3.15907	seen
1965	4	1	3	3.15907	saying
1966	2	1	1	3.15907	play
1967	2	1	1	3.15907	person
1968	2	2	0	3.15907	oliver
1969	2	1	1	3.15907	notice
1970	2	0	2	3.15907	murry
1971	2	2	0	3.15907	minutes
1972	2	0	2	3.15907	meant
1973	2	1	1	3.15907	lovely
1974	2	0	2	3.15907	logan
1975	2	0	2	3.15907	james
1976	2	1	1	3.15907	interesting
1977	2	2	0	3.15907	ill
1978	2	0	2	3.15907	hardly
1979	2	1	1	3.15907	felt
1980	2	1	1	3.15907	february
1981	4	2	2	3.15907	far
1982	2	1	1	3.15907	easy
1983	2	0	2	3.15907	difficulty
1984	2	2	0	3.15907	diary
1985	2	0	2	3.15907	course
1986	2	1	1	3.15907	carpets
1987	6	2	4	3.15907	both
1988	2	2	0	3.15907	beautiful
1989	2	1	1	3.15907	bad
1990	2	2	0	3.15907	along
1991	38	23	15	3.14396	one
1992	32	12	20	3.14115	which
1993	11	6	5	3.13307	make
1994	23	10	13	3.12192	said
1995	7	4	3	3.11843	thought
1996	15	10	5	3.10248	these
1997	5	1	4	3.10248	set
1998	5	3	2	3.10248	party
1999	5	3	2	3.10248	look
2000	5	1	4	3.10248	character
2001	76	39	37	3.07787	this
2002	44	20	24	3.07006	was
2003	3	1	2	3.06596	wh
2004	3	1	2	3.06596	pleasure
2005	3	2	1	3.06596	god
2006	3	2	1	3.06596	dine
2007	3	1	2	3.06596	black
2008	3	3	0	3.06596	anything
2009	3	1	2	3.06596	age
2010	19	11	8	3.05650	if
2011	10	5	5	3.04804	own
2012	45	23	22	3.04211	he
2013	14	8	6	3.04042	them
2014	64	37	27	3.03805	but
2015	25	19	6	3.03739	had
2016	12	5	7	3.02156	us
2017	4	1	3	3.02156	power
2018	4	3	1	3.02156	oh
2019	4	3	1	3.02156	lytton
2020	16	6	10	3.02156	do
2021	51	29	22	3.01387	so
2022	34	18	16	3.01387	now
2023	13	8	5	3.01151	writing
2024	294	137	157	2.99592	i
2025	15	11	4	2.99557	off
2026	21	13	8	2.99067	l
2027	11	6	5	2.98623	our
2028	11	6	5	2.98623	come
2029	6	3	3	2.97850	suppose
2030	12	7	5	2.97850	mrs
2031	7	5	2	2.96642	nothing
2032	9	9	0	2.95048	perhaps
2033	10	5	5	2.94494	could
2034	24	12	12	2.93668	no
2035	12	7	5	2.93668	again
2036	13	5	8	2.93351	too
2037	31	25	6	2.92740	like
2038	16	6	10	2.92641	and
2039	37	18	19	2.92227	s
2040	1	1	0	2.89603	writes
2041	1	0	1	2.89603	works
2042	1	1	0	2.89603	wood
2043	1	0	1	2.89603	wonderful
2044	2	0	2	2.89603	while
2045	2	0	2	2.89603	wells
2046	1	1	0	2.89603	walks
2047	1	1	0	2.89603	views
2048	1	1	0	2.89603	twice
2049	1	1	0	2.89603	trains
2050	1	1	0	2.89603	three
2051	1	0	1	2.89603	theme
2052	1	1	0	2.89603	tells
2053	1	1	0	2.89603	tail
2054	1	0	1	2.89603	table
2055	1	1	0	2.89603	sybil
2056	3	2	1	2.89603	street
2057	1	1	0	2.89603	strange
2058	1	1	0	2.89603	someone
2059	1	0	1	2.89603	solitude
2060	1	0	1	2.89603	solid
2061	1	0	1	2.89603	soft
2062	1	0	1	2.89603	slightly
2063	1	1	0	2.89603	skeleton
2064	1	1	0	2.89603	sign
2065	1	0	1	2.89603	shock
2066	1	0	1	2.89603	ship
2067	2	1	1	2.89603	settled
2068	2	2	0	2.89603	seriously
2069	1	1	0	2.89603	september
2070	1	1	0	2.89603	sentences
2071	1	1	0	2.89603	rings
2072	1	0	1	2.89603	resolute
2073	1	0	1	2.89603	refused
2074	3	1	2	2.89603	red
2075	1	1	0	2.89603	quick
2076	1	0	1	2.89603	quarrel
2077	3	2	1	2.89603	put
2078	1	1	0	2.89603	pure
2079	1	1	0	2.89603	pull
2080	1	1	0	2.89603	proved
2081	1	1	0	2.89603	praised
2082	1	1	0	2.89603	praise
2083	1	0	1	2.89603	poem
2084	1	0	1	2.89603	painful
2085	1	0	1	2.89603	ott
2086	2	2	0	2.89603	ones
2087	1	1	0	2.89603	november
2088	1	1	0	2.89603	neither
2089	1	0	1	2.89603	music
2090	2	2	0	2.89603	month
2091	1	0	1	2.89603	miles
2092	1	0	1	2.89603	meaning
2093	5	1	4	2.89603	maynard
2094	1	0	1	2.89603	managed
2095	1	0	1	2.89603	lunched
2096	1	0	1	2.89603	lower
2097	2	0	2	2.89603	longer
2098	1	1	0	2.89603	lived
2099	1	0	1	2.89603	live
2100	1	1	0	2.89603	likes
2101	3	2	1	2.89603	let
2102	4	3	1	2.89603	less
2103	1	0	1	2.89603	legs
2104	3	1	2	2.89603	left
2105	1	1	0	2.89603	laugh
2106	2	2	0	2.89603	january
2107	1	0	1	2.89603	intimate
2108	1	0	1	2.89603	interview
2109	1	0	1	2.89603	instead
2110	1	0	1	2.89603	india
2111	1	1	0	2.89603	impossible
2112	2	1	1	2.89603	important
2113	1	1	0	2.89603	illusion
2114	1	0	1	2.89603	hysterical
2115	1	0	1	2.89603	honestly
2116	7	3	4	2.89603	having
2117	1	1	0	2.89603	haunted
2118	1	1	0	2.89603	harcourt
2119	2	0	2	2.89603	half
2120	1	1	0	2.89603	haired
2121	2	0	2	2.89603	h
2122	1	1	0	2.89603	goes
2123	1	0	1	2.89603	geoffrey
2124	2	1	1	2.89603	full
2125	1	1	0	2.89603	freely
2126	1	0	1	2.89603	france
2127	1	0	1	2.89603	flower
2128	1	1	0	2.89603	faith
2129	1	0	1	2.89603	extent
2130	2	1	1	2.89603	exciting
2131	5	2	3	2.89603	even
2132	2	2	0	2.89603	ethel
2133	1	1	0	2.89603	essays
2134	1	0	1	2.89603	enormously
2135	1	0	1	2.89603	effort
2136	1	0	1	2.89603	edge
2137	1	1	0	2.89603	dying
2138	1	0	1	2.89603	dumb
2139	1	0	1	2.89603	driving
2140	2	0	2	2.89603	doesn
2141	1	0	1	2.89603	disgraceful
2142	1	1	0	2.89603	discussed
2143	1	1	0	2.89603	detest
2144	1	1	0	2.89603	details
2145	2	0	2	2.89603	desire
2146	2	1	1	2.89603	describe
2147	1	1	0	2.89603	daresay
2148	1	0	1	2.89603	cut
2149	1	0	1	2.89603	chin
2150	1	1	0	2.89603	chilly
2151	1	1	0	2.89603	cape
2152	1	1	0	2.89603	calling
2153	1	0	1	2.89603	buying
2154	2	1	1	2.89603	brought
2155	1	0	1	2.89603	brother
2156	1	0	1	2.89603	broadcast
2157	1	0	1	2.89603	brilliance
2158	2	1	1	2.89603	break
2159	8	2	6	2.89603	books
2160	1	0	1	2.89603	blue
2161	1	0	1	2.89603	becomes
2162	1	1	0	2.89603	bartholomew
2163	1	0	1	2.89603	bare
2164	1	1	0	2.89603	baker
2165	1	1	0	2.89603	avoid
2166	2	2	0	2.89603	article
2167	1	0	1	2.89603	arch
2168	1	0	1	2.89603	affectionate
2169	1	1	0	2.89603	affable
2170	1	1	0	2.89603	active
2171	41	24	17	2.87276	be
2172	19	9	10	2.87094	will
2173	37	18	19	2.87027	not
2174	12	7	5	2.85651	should
2175	9	4	5	2.84357	would
2176	36	24	12	2.84357	as
2177	91	50	41	2.82388	it
2178	12	8	4	2.81803	see
2179	11	2	9	2.81115	clive
2180	16	10	6	2.80857	little
2181	21	13	8	2.80722	his
2182	10	7	3	2.80292	read
2183	13	9	4	2.78912	may
2184	4	3	1	2.78056	talking
2185	4	1	3	2.78056	since
2186	4	1	3	2.78056	everything
2187	10	5	5	2.75853	must
2188	16	7	9	2.75308	t
2189	16	11	5	2.75308	more
2190	3	2	1	2.74403	tonight
2191	3	1	2	2.74403	tomorrow
2192	6	4	2	2.74403	th
2193	3	1	2	2.74403	might
2194	3	2	1	2.74403	looking
2195	3	2	1	2.74403	father
2196	3	2	1	2.74403	cant
2197	3	1	2	2.74403	alone
2198	5	3	2	2.71546	many
2199	27	15	12	2.71232	think
2200	34	20	14	2.71048	then
2201	19	8	11	2.70656	or
2202	64	30	34	2.70621	my
2203	21	13	8	2.70339	what
2204	2	1	1	2.67364	young
2205	2	2	0	2.67364	worth
2206	2	1	1	2.67364	st
2207	4	3	1	2.67364	something
2208	4	1	3	2.67364	next
2209	2	1	1	2.67364	motor
2210	2	1	1	2.67364	kind
2211	2	1	1	2.67364	girl
2212	4	2	2	2.67364	eyes
2213	6	4	2	2.67364	d
2214	2	0	2	2.67364	charm
2215	2	1	1	2.67364	bring
2216	7	2	5	2.64450	want
2217	5	2	3	2.63300	home
2218	3	1	2	2.60653	human
2219	3	1	2	2.60653	doing
2220	3	3	0	2.60653	desmond
2221	3	2	1	2.60653	believe
2222	134	77	57	2.58130	a
2223	4	1	3	2.57411	their
2224	4	1	3	2.57411	mary
2225	15	12	3	2.55500	him
2226	7	5	2	2.53346	did
2227	8	5	3	2.52680	say
2228	38	25	13	2.49052	me
2229	8	4	4	2.48100	yet
2230	5	4	1	2.48100	written
2231	10	6	4	2.48100	write
2232	1	1	0	2.48100	wednesday
2233	1	1	0	2.48100	wait
2234	3	1	2	2.48100	till
2235	1	1	0	2.48100	thoughts
2236	1	0	1	2.48100	thick
2237	1	1	0	2.48100	swift
2238	3	3	0	2.48100	such
2239	1	0	1	2.48100	steady
2240	1	0	1	2.48100	spent
2241	1	1	0	2.48100	sibyl
2242	1	1	0	2.48100	ring
2243	1	0	1	2.48100	refuses
2244	1	0	1	2.48100	pritchard
2245	3	2	1	2.48100	poor
2246	7	4	3	2.48100	nessa
2247	1	1	0	2.48100	miserable
2248	1	1	0	2.48100	macaulay
2249	1	0	1	2.48100	joy
2250	1	0	1	2.48100	interests
2251	2	1	1	2.48100	indeed
2252	1	1	0	2.48100	hidden
2253	1	1	0	2.48100	happiness
2254	1	0	1	2.48100	handed
2255	1	0	1	2.48100	greece
2256	1	0	1	2.48100	fortnight
2257	1	1	0	2.48100	fiction
2258	1	1	0	2.48100	failure
2259	1	1	0	2.48100	face
2260	1	1	0	2.48100	exactly
2261	3	1	2	2.48100	ever
2262	1	1	0	2.48100	enjoy
2263	2	2	0	2.48100	else
2264	1	0	1	2.48100	distinction
2265	1	0	1	2.48100	disillusionment
2266	1	0	1	2.48100	de
2267	1	0	1	2.48100	curiosity
2268	1	1	0	2.48100	charleston
2269	1	1	0	2.48100	calls
2270	1	0	1	2.48100	bus
2271	1	0	1	2.48100	boy
2272	1	1	0	2.48100	bore
2273	1	0	1	2.48100	bit
2274	1	1	0	2.48100	apparently
2275	6	3	3	2.48100	any
2276	1	1	0	2.48100	answer
2277	1	0	1	2.48100	able
2278	18	11	7	2.46110	an
2279	9	6	3	2.44147	never
2280	6	3	3	2.42210	good
2281	5	4	1	2.41061	love
2282	8	6	2	2.39353	vita
2283	10	8	2	2.34349	been
2284	4	1	3	2.31107	why
2285	2	1	1	2.31107	wants
2286	2	2	0	2.31107	thursday
2287	4	3	1	2.31107	leonard
2288	8	6	2	2.31107	can
2289	34	18	16	2.29234	she
2290	5	3	2	2.27936	well
2291	3	2	1	2.25860	got
2292	3	2	1	2.25860	asked
2293	7	6	1	2.24396	than
2294	8	3	5	2.23307	came
2295	26	16	10	2.21565	her
2296	4	3	1	2.15907	years
2297	1	0	1	2.15907	women
2298	1	0	1	2.15907	wishes
2299	1	1	0	2.15907	use
2300	1	1	0	2.15907	somehow
2301	1	0	1	2.15907	sensitive
2302	1	1	0	2.15907	sell
2303	1	0	1	2.15907	phrase
2304	1	0	1	2.15907	parties
2305	1	0	1	2.15907	order
2306	2	1	1	2.15907	often
2307	1	0	1	2.15907	october
2308	1	1	0	2.15907	mine
2309	1	0	1	2.15907	meeting
2310	1	1	0	2.15907	married
2311	3	2	1	2.15907	long
2312	1	1	0	2.15907	leave
2313	1	1	0	2.15907	jacob
2314	2	2	0	2.15907	friday
2315	1	1	0	2.15907	dusty
2316	4	3	1	2.15907	don
2317	2	1	1	2.15907	dadie
2318	1	1	0	2.15907	beauty
2319	6	3	3	2.15907	back
2320	6	4	2	2.11176	says
2321	3	3	0	2.06596	always
2322	2	0	2	2.02156	saturday
2323	7	6	1	2.00295	some
2324	5	3	2	1.89603	you
2325	1	1	0	1.89603	writer
2326	1	1	0	1.89603	todd
2327	1	0	1	1.89603	scarcely
2328	1	0	1	1.89603	rain
2329	1	0	1	1.89603	probably
2330	1	0	1	1.89603	pale
2331	2	0	2	1.89603	odd
2332	2	2	0	1.89603	myself
2333	1	0	1	1.89603	meet
2334	2	2	0	1.89603	letter
2335	1	1	0	1.89603	june
2336	1	0	1	1.89603	hope
2337	1	1	0	1.89603	himself
2338	1	1	0	1.89603	free
2339	1	1	0	1.89603	forget
2340	1	1	0	1.89603	fond
2341	1	1	0	1.89603	feelings
2342	1	0	1	1.89603	edith
2343	1	1	0	1.89603	eddy
2344	1	1	0	1.89603	each
2345	1	0	1	1.89603	deal
2346	1	0	1	1.89603	coat
2347	2	0	2	1.78056	roger
2348	2	1	1	1.78056	does
2349	1	0	1	1.67364	waiting
2350	1	1	0	1.67364	stories
2351	1	1	0	1.67364	stay
2352	1	1	0	1.67364	re
2353	1	1	0	1.67364	rate
2354	1	1	0	1.67364	nor
2355	1	1	0	1.67364	nervous
2356	1	1	0	1.67364	give
2357	1	1	0	1.67364	everyone
2358	1	1	0	1.67364	complete
2359	1	0	1	1.67364	ask
2360	1	1	0	1.48100	won
2361	1	0	1	1.48100	whom
2362	1	1	0	1.48100	upon
2363	1	1	0	1.48100	sometimes
2364	1	0	1	1.48100	dull
2365	1	1	0	1.48100	dining
2366	2	0	2	1.48100	clothes
2367	1	1	0	1.48100	bed
2368	1	1	0	1.48100	become
2369	1	1	0	1.31107	woolf
2370	1	1	0	1.31107	knows
2371	1	1	0	1.15907	rose
2372	1	1	0	1.15907	nature
2373	1	1	0	1.15907	ago
2374	1	0	1	1.02156	called
