#Total No. of Collocate Types: 790
#Total No. of Collocate Tokens: 2194
1	3	1	2	9.09087	smoothly
2	3	1	2	9.09087	glides
3	2	0	2	8.50591	xtian
4	2	2	0	8.50591	tub
5	2	1	1	8.50591	training
6	2	2	0	8.50591	thumper
7	2	1	1	8.50591	teased
8	2	1	1	8.50591	talks
9	2	1	1	8.50591	stops
10	2	1	1	8.50591	shoot
11	2	1	1	8.50591	sailors
12	2	1	1	8.50591	rolling
13	2	1	1	8.50591	quicksilver
14	4	4	0	8.50591	protest
15	2	1	1	8.50591	proceeded
16	2	0	2	8.50591	overwhelm
17	2	1	1	8.50591	offering
18	2	2	0	8.50591	mist
19	2	1	1	8.50591	megalomaniac
20	2	2	0	8.50591	marry
21	2	0	2	8.50591	lost
22	2	2	0	8.50591	justice
23	2	0	2	8.50591	irrational
24	2	0	2	8.50591	impressive
25	2	2	0	8.50591	hurts
26	2	1	1	8.50591	houseman
27	2	1	1	8.50591	harrison
28	2	1	1	8.50591	describing
29	2	1	1	8.50591	dancing
30	2	2	0	8.50591	caught
31	2	1	1	8.50591	call
32	2	0	2	8.50591	based
33	3	2	1	8.09087	whats
34	3	3	0	8.09087	ridiculous
35	3	0	3	8.09087	distracted
36	4	3	1	7.92095	shock
37	4	4	0	7.92095	kissed
38	5	1	4	7.82784	calls
39	1	0	1	7.50591	wouldn
40	1	0	1	7.50591	womans
41	1	0	1	7.50591	wit
42	1	1	0	7.50591	wine
43	1	1	0	7.50591	whitehall
44	2	1	1	7.50591	waspish
45	1	0	1	7.50591	warmth
46	1	0	1	7.50591	wallerish
47	1	1	0	7.50591	wages
48	1	0	1	7.50591	wafting
49	1	1	0	7.50591	urbanity
50	1	1	0	7.50591	unstinted
51	1	1	0	7.50591	unselfish
52	1	1	0	7.50591	undone
53	1	1	0	7.50591	underfed
54	2	0	2	7.50591	type
55	1	1	0	7.50591	turner
56	1	1	0	7.50591	turkish
57	1	0	1	7.50591	tries
58	1	1	0	7.50591	trafalgar
59	2	1	1	7.50591	touched
60	1	0	1	7.50591	tory
61	1	1	0	7.50591	topics
62	1	1	0	7.50591	tommie
63	1	0	1	7.50591	themselves
64	1	1	0	7.50591	tender
65	2	2	0	7.50591	teeth
66	1	1	0	7.50591	teases
67	1	0	1	7.50591	tchekhov
68	1	1	0	7.50591	taxi
69	1	1	0	7.50591	tailor
70	1	0	1	7.50591	swiss
71	1	1	0	7.50591	supported
72	1	0	1	7.50591	sugared
73	1	0	1	7.50591	sucking
74	1	1	0	7.50591	succeeds
75	1	1	0	7.50591	stephen
76	1	1	0	7.50591	starched
77	1	1	0	7.50591	stalwart
78	1	0	1	7.50591	spit
79	1	1	0	7.50591	sparkled
80	1	0	1	7.50591	solidly
81	1	1	0	7.50591	small
82	1	1	0	7.50591	sink
83	1	0	1	7.50591	sincere
84	1	0	1	7.50591	shouts
85	1	0	1	7.50591	shopping
86	1	0	1	7.50591	sheepishly
87	1	0	1	7.50591	sharply
88	1	1	0	7.50591	sententious
89	1	0	1	7.50591	selling
90	1	0	1	7.50591	secreted
91	1	0	1	7.50591	scrap
92	2	2	0	7.50591	school
93	1	0	1	7.50591	roughs
94	1	1	0	7.50591	rotten
95	1	0	1	7.50591	rolls
96	1	1	0	7.50591	rimsky
97	2	2	0	7.50591	rhapsody
98	1	1	0	7.50591	revolutionary
99	1	0	1	7.50591	resolutely
100	1	1	0	7.50591	report
101	1	1	0	7.50591	rejoiced
102	1	1	0	7.50591	recalling
103	1	0	1	7.50591	reads
104	1	0	1	7.50591	ravenous
105	1	1	0	7.50591	rambled
106	1	1	0	7.50591	raggy
107	1	1	0	7.50591	rades
108	1	0	1	7.50591	putting
109	1	0	1	7.50591	punctured
110	1	1	0	7.50591	publish
111	1	1	0	7.50591	prosy
112	1	1	0	7.50591	prided
113	1	1	0	7.50591	prevented
114	1	1	0	7.50591	powdered
115	1	1	0	7.50591	pot
116	1	1	0	7.50591	plethora
117	1	1	0	7.50591	pleases
118	1	0	1	7.50591	plaintive
119	1	1	0	7.50591	placards
120	1	1	0	7.50591	picking
121	1	0	1	7.50591	persistency
122	1	1	0	7.50591	perished
123	1	0	1	7.50591	peevish
124	1	0	1	7.50591	pebbles
125	1	1	0	7.50591	pasteboard
126	1	0	1	7.50591	passengers
127	1	1	0	7.50591	pamphlet
128	1	1	0	7.50591	oppressed
129	1	1	0	7.50591	observes
130	1	1	0	7.50591	obliging
131	1	0	1	7.50591	novels
132	1	1	0	7.50591	notices
133	1	1	0	7.50591	non
134	1	0	1	7.50591	nobility
135	1	1	0	7.50591	nion
136	1	1	0	7.50591	newspapers
137	1	0	1	7.50591	needing
138	1	1	0	7.50591	murmurs
139	1	1	0	7.50591	mumbles
140	1	0	1	7.50591	minded
141	1	0	1	7.50591	micky
142	1	0	1	7.50591	mice
143	1	1	0	7.50591	medals
144	1	1	0	7.50591	mayfair
145	1	0	1	7.50591	manage
146	1	0	1	7.50591	mackerel
147	4	2	2	7.50591	lydia
148	1	1	0	7.50591	lottie
149	1	1	0	7.50591	lorries
150	1	0	1	7.50591	looks
151	4	0	4	7.50591	looked
152	1	0	1	7.50591	loafing
153	1	0	1	7.50591	listened
154	1	0	1	7.50591	lira
155	1	1	0	7.50591	lesson
156	1	0	1	7.50591	lecturer
157	1	0	1	7.50591	lay
158	1	1	0	7.50591	korsakov
159	1	0	1	7.50591	kippers
160	1	0	1	7.50591	killed
161	1	1	0	7.50591	jangled
162	1	1	0	7.50591	intimacy
163	1	0	1	7.50591	intent
164	1	1	0	7.50591	inference
165	1	0	1	7.50591	industry
166	1	0	1	7.50591	indignant
167	1	1	0	7.50591	inch
168	1	0	1	7.50591	incessantly
169	1	1	0	7.50591	imposed
170	1	0	1	7.50591	image
171	1	0	1	7.50591	illuminates
172	2	1	1	7.50591	humbug
173	1	1	0	7.50591	hostile
174	1	1	0	7.50591	hollow
175	1	1	0	7.50591	hearing
176	3	2	1	7.50591	hear
177	1	1	0	7.50591	hazy
178	1	1	0	7.50591	harry
179	1	1	0	7.50591	guard
180	1	0	1	7.50591	greedy
181	1	0	1	7.50591	germany
182	1	0	1	7.50591	gently
183	1	1	0	7.50591	generously
184	1	0	1	7.50591	forth
185	1	1	0	7.50591	forges
186	1	0	1	7.50591	fishing
187	1	0	1	7.50591	firmly
188	1	0	1	7.50591	fined
189	1	1	0	7.50591	filed
190	2	0	2	7.50591	file
191	1	1	0	7.50591	fiend
192	1	1	0	7.50591	fertile
193	2	0	2	7.50591	feels
194	1	1	0	7.50591	feebly
195	1	1	0	7.50591	fed
196	1	1	0	7.50591	fantastic
197	2	2	0	7.50591	failed
198	1	0	1	7.50591	excitedly
199	1	0	1	7.50591	exaggerates
200	1	0	1	7.50591	evoking
201	1	1	0	7.50591	evil
202	1	0	1	7.50591	etoile
203	1	0	1	7.50591	equally
204	1	1	0	7.50591	enought
205	1	1	0	7.50591	emphasis
206	1	0	1	7.50591	emotional
207	1	1	0	7.50591	elderly
208	1	1	0	7.50591	efficiently
209	1	0	1	7.50591	educated
210	1	1	0	7.50591	economics
211	1	1	0	7.50591	ear
212	1	0	1	7.50591	eager
213	3	0	3	7.50591	dying
214	1	0	1	7.50591	duke
215	1	0	1	7.50591	dotes
216	1	1	0	7.50591	discussion
217	1	0	1	7.50591	devote
218	1	1	0	7.50591	devil
219	1	0	1	7.50591	developing
220	1	0	1	7.50591	detestable
221	1	1	0	7.50591	despicable
222	2	1	1	7.50591	dentist
223	1	1	0	7.50591	deliberate
224	1	0	1	7.50591	decide
225	1	1	0	7.50591	darwins
226	1	1	0	7.50591	curtain
227	1	0	1	7.50591	cured
228	1	1	0	7.50591	cups
229	1	1	0	7.50591	cultivated
230	1	0	1	7.50591	crushes
231	1	0	1	7.50591	creaks
232	1	0	1	7.50591	cower
233	1	0	1	7.50591	correspondence
234	1	0	1	7.50591	corn
235	1	0	1	7.50591	copper
236	1	0	1	7.50591	continuity
237	1	1	0	7.50591	considerate
238	1	1	0	7.50591	conflict
239	1	1	0	7.50591	concealed
240	2	1	1	7.50591	complained
241	1	1	0	7.50591	committed
242	1	1	0	7.50591	childlike
243	1	1	0	7.50591	characterise
244	1	1	0	7.50591	cenotaph
245	1	1	0	7.50591	carried
246	1	1	0	7.50591	buggers
247	1	1	0	7.50591	brutes
248	1	0	1	7.50591	bride
249	1	0	1	7.50591	brazilian
250	1	1	0	7.50591	boulesteins
251	1	1	0	7.50591	bores
252	2	1	1	7.50591	blooded
253	1	0	1	7.50591	became
254	1	0	1	7.50591	bearing
255	1	0	1	7.50591	barbara
256	1	0	1	7.50591	baptised
257	1	0	1	7.50591	automobile
258	1	1	0	7.50591	auckland
259	1	1	0	7.50591	attended
260	1	1	0	7.50591	assertiveness
261	1	0	1	7.50591	argued
262	1	1	0	7.50591	argaret
263	1	1	0	7.50591	archbishop
264	1	0	1	7.50591	appreciates
265	1	0	1	7.50591	apelike
266	1	0	1	7.50591	annoys
267	1	0	1	7.50591	analysis
268	1	1	0	7.50591	agree
269	1	1	0	7.50591	affection
270	1	0	1	7.50591	advertisement
271	1	1	0	7.50591	adoration
272	1	0	1	7.50591	achieved
273	3	1	2	7.09087	imagine
274	5	5	0	7.02048	young
275	2	0	2	6.92095	vain
276	2	2	0	6.92095	sympathy
277	2	0	2	6.92095	raymond
278	2	1	1	6.92095	print
279	2	1	1	6.92095	laugh
280	2	2	0	6.92095	king
281	2	0	2	6.92095	charming
282	2	1	1	6.92095	becomes
283	2	0	2	6.92095	bare
284	3	1	2	6.76894	thinks
285	3	2	1	6.76894	met
286	3	2	1	6.76894	married
287	3	1	2	6.76894	logan
288	1	1	0	6.50591	worry
289	1	1	0	6.50591	war
290	1	1	0	6.50591	unless
291	1	1	0	6.50591	unhappy
292	2	1	1	6.50591	turned
293	1	1	0	6.50591	turn
294	2	1	1	6.50591	trust
295	1	0	1	6.50591	travelled
296	1	1	0	6.50591	theories
297	5	2	3	6.50591	talked
298	1	1	0	6.50591	taken
299	1	1	0	6.50591	staying
300	1	1	0	6.50591	stayed
301	1	0	1	6.50591	stands
302	1	0	1	6.50591	spirit
303	1	0	1	6.50591	spends
304	1	1	0	6.50591	simple
305	1	1	0	6.50591	shoulder
306	2	1	1	6.50591	sees
307	1	1	0	6.50591	scenes
308	1	0	1	6.50591	rs
309	1	0	1	6.50591	rise
310	2	1	1	6.50591	refuses
311	1	0	1	6.50591	real
312	1	1	0	6.50591	published
313	1	1	0	6.50591	proust
314	1	1	0	6.50591	proof
315	1	1	0	6.50591	pro
316	1	0	1	6.50591	pretty
317	1	1	0	6.50591	presence
318	1	1	0	6.50591	poet
319	1	1	0	6.50591	palace
320	1	1	0	6.50591	paid
321	1	0	1	6.50591	ostensibly
322	1	1	0	6.50591	nuisance
323	1	0	1	6.50591	moths
324	1	0	1	6.50591	mention
325	1	1	0	6.50591	mended
326	2	0	2	6.50591	means
327	1	1	0	6.50591	masterpiece
328	1	0	1	6.50591	mad
329	1	1	0	6.50591	library
330	1	0	1	6.50591	lest
331	1	1	0	6.50591	led
332	3	1	2	6.50591	leaves
333	1	1	0	6.50591	lean
334	2	0	2	6.50591	later
335	2	2	0	6.50591	knole
336	1	1	0	6.50591	kitchen
337	1	0	1	6.50591	kiss
338	1	1	0	6.50591	interrupted
339	1	0	1	6.50591	intelligent
340	4	3	1	6.50591	indeed
341	1	0	1	6.50591	hotel
342	1	0	1	6.50591	hid
343	1	1	0	6.50591	help
344	1	0	1	6.50591	held
345	1	0	1	6.50591	heading
346	1	1	0	6.50591	headed
347	2	1	1	6.50591	hands
348	1	0	1	6.50591	gramophone
349	1	1	0	6.50591	gould
350	1	0	1	6.50591	gallery
351	1	0	1	6.50591	frail
352	1	1	0	6.50591	flourishing
353	1	0	1	6.50591	fetch
354	2	1	1	6.50591	failure
355	1	1	0	6.50591	existence
356	1	0	1	6.50591	excited
357	1	0	1	6.50591	exchange
358	2	1	1	6.50591	except
359	2	0	2	6.50591	entirely
360	1	0	1	6.50591	enthusiastic
361	2	2	0	6.50591	enormous
362	1	0	1	6.50591	emerged
363	1	0	1	6.50591	electricity
364	1	1	0	6.50591	eddie
365	3	0	3	6.50591	doesn
366	1	0	1	6.50591	discuss
367	1	1	0	6.50591	deaf
368	1	0	1	6.50591	daddy
369	1	0	1	6.50591	cycle
370	1	0	1	6.50591	club
371	1	1	0	6.50591	clock
372	1	0	1	6.50591	clean
373	1	0	1	6.50591	clamour
374	1	0	1	6.50591	cassis
375	1	1	0	6.50591	budge
376	1	1	0	6.50591	brisk
377	1	0	1	6.50591	ballet
378	2	1	1	6.50591	asks
379	1	0	1	6.50591	arrived
380	1	1	0	6.50591	ant
381	1	1	0	6.50591	ahead
382	2	1	1	6.50591	agreed
383	1	0	1	6.50591	aged
384	4	1	3	6.50591	age
385	1	0	1	6.50591	admit
386	3	2	1	6.28352	worth
387	6	3	3	6.28352	tell
388	3	1	2	6.28352	girl
389	3	2	1	6.28352	everyone
390	3	2	1	6.28352	door
391	3	2	1	6.28352	asking
392	6	3	3	6.28352	asked
393	2	0	2	6.18398	seemed
394	2	1	1	6.18398	point
395	4	3	1	6.18398	might
396	2	1	1	6.18398	leave
397	2	1	1	6.18398	course
398	11	3	8	6.15799	would
399	3	2	1	6.09087	bed
400	12	7	5	6.04648	us
401	4	2	2	6.04648	told
402	24	8	16	6.02478	his
403	1	0	1	5.92095	writes
404	1	0	1	5.92095	worn
405	1	0	1	5.92095	walks
406	1	0	1	5.92095	telling
407	1	0	1	5.92095	tail
408	1	0	1	5.92095	solitude
409	1	1	0	5.92095	social
410	1	0	1	5.92095	slightly
411	1	1	0	5.92095	pull
412	1	0	1	5.92095	praised
413	1	0	1	5.92095	praise
414	2	2	0	5.92095	picture
415	1	1	0	5.92095	ought
416	1	1	0	5.92095	operation
417	1	1	0	5.92095	name
418	1	0	1	5.92095	mood
419	1	0	1	5.92095	loved
420	1	0	1	5.92095	likes
421	1	0	1	5.92095	legs
422	3	2	1	5.92095	left
423	1	0	1	5.92095	laughed
424	1	0	1	5.92095	instead
425	1	0	1	5.92095	india
426	2	1	1	5.92095	hour
427	19	15	4	5.92095	him
428	1	0	1	5.92095	grizzle
429	1	0	1	5.92095	francis
430	1	1	0	5.92095	france
431	2	2	0	5.92095	fond
432	1	0	1	5.92095	fingers
433	1	1	0	5.92095	famous
434	1	0	1	5.92095	faith
435	1	1	0	5.92095	essays
436	1	0	1	5.92095	edge
437	1	0	1	5.92095	driving
438	1	1	0	5.92095	dare
439	1	0	1	5.92095	coloured
440	1	1	0	5.92095	calling
441	1	1	0	5.92095	broadcast
442	1	1	0	5.92095	brings
443	1	0	1	5.92095	better
444	1	1	0	5.92095	beneath
445	1	1	0	5.92095	baker
446	1	1	0	5.92095	avoid
447	1	1	0	5.92095	autobiography
448	2	2	0	5.92095	already
449	2	2	0	5.92095	afternoon
450	1	0	1	5.92095	address
451	12	5	7	5.88142	never
452	10	3	7	5.87364	says
453	7	4	3	5.78970	thing
454	37	13	24	5.78463	he
455	3	3	0	5.76894	easily
456	3	2	1	5.76894	children
457	3	2	1	5.76894	angus
458	3	3	0	5.76894	alone
459	11	10	1	5.71741	see
460	2	1	1	5.69855	water
461	4	3	1	5.69855	sat
462	2	1	1	5.69855	hand
463	2	0	2	5.69855	grey
464	5	3	2	5.65791	because
465	16	5	11	5.64793	will
466	3	3	0	5.63144	done
467	4	3	1	5.59902	mary
468	2	1	1	5.50591	upon
469	1	1	0	5.50591	u
470	5	4	1	5.50591	tea
471	1	1	0	5.50591	stop
472	1	1	0	5.50591	soul
473	1	0	1	5.50591	ready
474	1	0	1	5.50591	pritchard
475	1	0	1	5.50591	played
476	1	0	1	5.50591	pink
477	1	1	0	5.50591	phil
478	2	2	0	5.50591	open
479	1	1	0	5.50591	names
480	1	0	1	5.50591	months
481	2	0	2	5.50591	middle
482	1	1	0	5.50591	low
483	1	1	0	5.50591	john
484	1	1	0	5.50591	jack
485	1	1	0	5.50591	instance
486	1	1	0	5.50591	holiday
487	1	0	1	5.50591	greece
488	1	1	0	5.50591	gerald
489	1	0	1	5.50591	flattery
490	3	0	3	5.50591	enough
491	11	6	5	5.50591	do
492	1	1	0	5.50591	dislike
493	1	1	0	5.50591	disillusionment
494	2	1	1	5.50591	dining
495	1	0	1	5.50591	bit
496	1	1	0	5.50591	baldwin
497	1	0	1	5.50591	appeared
498	2	1	1	5.50591	anything
499	5	3	2	5.43552	love
500	5	3	2	5.43552	d
501	14	7	7	5.43062	said
502	3	1	2	5.39043	set
503	2	1	1	5.33598	wants
504	2	1	1	5.33598	tuesday
505	2	0	2	5.33598	street
506	20	12	8	5.32004	like
507	8	4	4	5.29646	should
508	3	2	1	5.28352	summer
509	8	4	4	5.25798	came
510	3	2	1	5.18398	without
511	1	0	1	5.18398	took
512	1	1	0	5.18398	together
513	1	0	1	5.18398	thats
514	1	1	0	5.18398	somehow
515	1	1	0	5.18398	sensitive
516	2	0	2	5.18398	often
517	1	1	0	5.18398	normal
518	1	1	0	5.18398	nice
519	2	1	1	5.18398	nature
520	1	0	1	5.18398	modest
521	1	0	1	5.18398	meant
522	3	1	2	5.18398	maynard
523	3	1	2	5.18398	made
524	1	0	1	5.18398	lovely
525	2	2	0	5.18398	looking
526	1	1	0	5.18398	lives
527	1	1	0	5.18398	lack
528	1	1	0	5.18398	james
529	1	1	0	5.18398	hubert
530	1	0	1	5.18398	hardy
531	1	1	0	5.18398	hardly
532	1	0	1	5.18398	government
533	1	0	1	5.18398	gas
534	1	0	1	5.18398	felt
535	1	1	0	5.18398	february
536	1	0	1	5.18398	easy
537	1	0	1	5.18398	early
538	1	0	1	5.18398	drawing
539	4	2	2	5.18398	dont
540	1	1	0	5.18398	diary
541	1	1	0	5.18398	crowd
542	1	0	1	5.18398	articles
543	2	0	2	5.18398	another
544	2	1	1	5.18398	ago
545	10	9	1	5.15541	if
546	12	7	5	5.11359	very
547	6	4	2	5.09087	yet
548	2	2	0	5.04648	remember
549	21	4	17	5.02786	was
550	3	1	2	5.00341	through
551	3	2	1	5.00341	man
552	10	8	2	4.99495	how
553	4	3	1	4.98235	way
554	6	3	3	4.96159	who
555	6	4	2	4.96159	old
556	6	3	3	4.96159	clive
557	9	4	5	4.94791	t
558	10	6	4	4.94519	l
559	1	0	1	4.92095	window
560	1	1	0	4.92095	while
561	2	1	1	4.92095	till
562	2	1	1	4.92095	such
563	1	0	1	4.92095	seriously
564	1	1	0	4.92095	scarcely
565	1	1	0	4.92095	poetry
566	1	1	0	4.92095	past
567	1	1	0	4.92095	morgan
568	1	1	0	4.92095	literature
569	3	3	0	4.92095	leonard
570	1	1	0	4.92095	labour
571	1	1	0	4.92095	kept
572	1	0	1	4.92095	himself
573	1	0	1	4.92095	girls
574	1	1	0	4.92095	full
575	1	1	0	4.92095	each
576	1	1	0	4.92095	describe
577	2	2	0	4.92095	between
578	5	3	2	4.92095	being
579	1	1	0	4.92095	affair
580	5	2	3	4.87364	say
581	6	3	3	4.84294	too
582	3	0	3	4.84294	down
583	2	2	0	4.80547	does
584	2	1	1	4.80547	character
585	3	2	1	4.76894	years
586	3	1	2	4.76894	reading
587	3	1	2	4.76894	nothing
588	6	2	4	4.76894	go
589	3	1	2	4.76894	don
590	12	11	1	4.75102	which
591	4	3	1	4.75102	did
592	1	0	1	4.69855	world
593	1	0	1	4.69855	waiting
594	1	1	0	4.69855	sunday
595	1	0	1	4.69855	story
596	1	0	1	4.69855	stay
597	1	0	1	4.69855	standing
598	2	0	2	4.69855	something
599	1	1	0	4.69855	side
600	1	0	1	4.69855	rate
601	1	0	1	4.69855	passage
602	1	1	0	4.69855	o
603	2	1	1	4.69855	next
604	1	0	1	4.69855	nervous
605	1	0	1	4.69855	herself
606	1	0	1	4.69855	heard
607	2	0	2	4.69855	got
608	1	0	1	4.69855	give
609	1	1	0	4.69855	dress
610	1	1	0	4.69855	best
611	2	0	2	4.69855	almost
612	5	3	2	4.65791	can
613	3	0	3	4.63144	going
614	13	4	9	4.62139	has
615	2	2	0	4.59902	year
616	2	1	1	4.59902	just
617	2	1	1	4.59902	both
618	22	7	15	4.58164	at
619	1	0	1	4.50591	yes
620	1	1	0	4.50591	won
621	1	1	0	4.50591	whom
622	1	1	0	4.50591	times
623	1	1	0	4.50591	sometimes
624	2	1	1	4.50591	round
625	3	3	0	4.50591	other
626	4	3	1	4.50591	night
627	1	1	0	4.50591	mother
628	1	0	1	4.50591	money
629	1	1	0	4.50591	lunch
630	2	1	1	4.50591	know
631	3	2	1	4.50591	its
632	1	1	0	4.50591	dog
633	2	0	2	4.50591	dinner
634	1	1	0	4.50591	cannot
635	1	0	1	4.50591	become
636	3	0	3	4.50591	any
637	25	11	14	4.48443	with
638	5	4	1	4.47029	they
639	19	12	7	4.45922	for
640	21	7	14	4.45528	on
641	45	13	32	4.45473	is
642	3	0	3	4.44702	want
643	34	15	19	4.42847	it
644	2	1	1	4.41845	sense
645	8	4	4	4.41845	had
646	4	3	1	4.41845	get
647	11	6	5	4.38038	one
648	4	2	2	4.37663	again
649	5	3	2	4.36841	here
650	5	1	4	4.36841	been
651	39	15	24	4.36505	in
652	2	2	0	4.33598	why
653	2	1	1	4.33598	thought
654	2	1	1	4.33598	talk
655	1	0	1	4.33598	sold
656	1	0	1	4.33598	red
657	1	1	0	4.33598	mean
658	1	1	0	4.33598	let
659	1	0	1	4.33598	knows
660	7	4	3	4.33598	from
661	1	0	1	4.33598	finished
662	1	1	0	4.33598	dear
663	1	0	1	4.33598	chair
664	1	0	1	4.33598	buy
665	15	7	8	4.32534	we
666	8	5	3	4.31608	an
667	3	1	2	4.28352	only
668	12	9	3	4.28352	as
669	10	6	4	4.27325	now
670	16	2	14	4.26750	me
671	2	0	2	4.25798	went
672	2	1	1	4.25798	day
673	66	32	34	4.25339	to
674	12	7	5	4.23289	then
675	4	1	3	4.22051	when
676	2	0	2	4.18398	work
677	1	0	1	4.18398	truth
678	1	0	1	4.18398	thinking
679	1	0	1	4.18398	sitting
680	1	1	0	4.18398	seen
681	1	1	0	4.18398	saying
682	1	0	1	4.18398	press
683	2	1	1	4.18398	most
684	1	0	1	4.18398	however
685	1	0	1	4.18398	cant
686	1	0	1	4.18398	before
687	3	1	2	4.18398	back
688	51	27	24	4.15319	of
689	48	24	24	4.12509	a
690	7	3	4	4.10381	are
691	5	1	4	4.09992	more
692	10	8	2	4.05965	s
693	1	1	0	4.04648	saturday
694	1	0	1	4.04648	same
695	1	0	1	4.04648	really
696	1	0	1	4.04648	power
697	1	1	0	4.04648	oh
698	1	1	0	4.04648	nation
699	1	1	0	4.04648	lytton
700	1	0	1	4.04648	human
701	2	2	0	4.04648	feel
702	1	1	0	4.04648	doing
703	1	0	1	4.04648	dined
704	1	0	1	4.04648	desmond
705	11	4	7	3.99956	be
706	5	3	2	3.96986	there
707	13	6	7	3.93022	she
708	3	2	1	3.92095	writing
709	6	4	2	3.92095	what
710	1	1	0	3.92095	saw
711	1	0	1	3.92095	r
712	1	0	1	3.92095	quite
713	1	1	0	3.92095	poor
714	1	0	1	3.92095	miss
715	1	0	1	3.92095	less
716	4	3	1	3.92095	last
717	1	1	0	3.92095	find
718	1	0	1	3.92095	ever
719	1	0	1	3.92095	away
720	3	1	2	3.92095	after
721	82	38	44	3.90781	the
722	14	8	6	3.87032	but
723	2	0	2	3.86205	new
724	11	4	7	3.82579	so
725	1	0	1	3.80547	talking
726	1	1	0	3.80547	since
727	2	2	0	3.80547	perhaps
728	2	1	1	3.80547	mind
729	1	0	1	3.80547	comes
730	7	5	2	3.78970	think
731	3	1	2	3.76894	write
732	15	5	10	3.76175	this
733	14	8	6	3.70593	that
734	2	2	0	3.69855	were
735	1	1	0	3.69855	once
736	3	1	2	3.69855	off
737	5	4	1	3.69855	no
738	2	1	1	3.69855	nessa
739	1	1	0	3.69855	found
740	2	1	1	3.64793	could
741	1	1	0	3.59902	still
742	1	1	0	3.59902	feeling
743	1	0	1	3.59902	even
744	5	2	3	3.59902	by
745	3	1	2	3.53628	and
746	1	1	0	3.50591	room
747	1	1	0	3.50591	house
748	2	1	1	3.50591	great
749	51	37	14	3.49359	i
750	8	2	6	3.48354	all
751	2	0	2	3.46152	than
752	2	1	1	3.46152	people
753	3	2	1	3.41845	little
754	2	2	0	3.37663	m
755	1	1	0	3.33598	take
756	1	0	1	3.33598	home
757	2	1	1	3.33598	book
758	1	1	0	3.25798	though
759	2	1	1	3.25798	them
760	1	0	1	3.25798	strike
761	2	2	0	3.22051	some
762	2	0	2	3.22051	life
763	7	4	3	3.16352	have
764	1	0	1	3.11359	two
765	1	0	1	3.04648	things
766	1	1	0	3.04648	first
767	1	0	1	3.04648	days
768	5	2	3	3.00766	not
769	1	1	0	2.98235	well
770	1	0	1	2.98235	morning
771	3	2	1	2.96159	up
772	2	0	2	2.95132	rather
773	1	1	0	2.92095	books
774	3	3	0	2.92095	about
775	1	1	0	2.86205	good
776	1	0	1	2.80547	c
777	1	1	0	2.75102	own
778	3	1	2	2.69855	out
779	1	1	0	2.69855	make
780	1	1	0	2.59902	you
781	1	0	1	2.55171	come
782	1	0	1	2.50591	read
783	2	0	2	2.48354	or
784	1	1	0	2.46152	lighthouse
785	1	0	1	2.41845	vita
786	1	0	1	2.22051	these
787	3	2	1	2.12509	her
788	1	0	1	2.11359	may
789	5	2	3	2.05305	my
790	1	0	1	1.89120	shall
