#Total No. of Collocate Types: 532
#Total No. of Collocate Tokens: 1220
1	2	1	1	8.50591	stops
2	2	0	2	8.50591	smoothly
3	2	1	1	8.50591	proceeded
4	2	0	2	8.50591	overwhelm
5	2	0	2	8.50591	lost
6	2	0	2	8.50591	glides
7	2	1	1	8.50591	describing
8	3	2	1	8.09087	whats
9	1	0	1	7.50591	xtian
10	1	0	1	7.50591	wouldn
11	1	0	1	7.50591	wallerish
12	1	1	0	7.50591	wages
13	1	1	0	7.50591	urbanity
14	1	1	0	7.50591	unstinted
15	1	1	0	7.50591	undone
16	1	1	0	7.50591	underfed
17	1	1	0	7.50591	tub
18	1	0	1	7.50591	tries
19	1	0	1	7.50591	training
20	1	1	0	7.50591	trafalgar
21	1	1	0	7.50591	topics
22	1	1	0	7.50591	tommie
23	1	1	0	7.50591	thumper
24	1	1	0	7.50591	tender
25	1	1	0	7.50591	teases
26	1	0	1	7.50591	teased
27	1	1	0	7.50591	taxi
28	1	0	1	7.50591	swiss
29	1	0	1	7.50591	sugared
30	1	1	0	7.50591	succeeds
31	1	1	0	7.50591	stephen
32	1	1	0	7.50591	sparkled
33	1	0	1	7.50591	solidly
34	1	1	0	7.50591	sink
35	1	0	1	7.50591	shouts
36	1	0	1	7.50591	shopping
37	1	0	1	7.50591	shoot
38	3	2	1	7.50591	shock
39	1	0	1	7.50591	sheepishly
40	1	1	0	7.50591	sententious
41	1	0	1	7.50591	secreted
42	2	2	0	7.50591	school
43	1	1	0	7.50591	rotten
44	1	0	1	7.50591	rolls
45	1	1	0	7.50591	rolling
46	2	2	0	7.50591	ridiculous
47	1	1	0	7.50591	report
48	1	1	0	7.50591	rejoiced
49	1	0	1	7.50591	reads
50	1	0	1	7.50591	ravenous
51	1	1	0	7.50591	rambled
52	1	1	0	7.50591	raggy
53	1	1	0	7.50591	rades
54	1	1	0	7.50591	quicksilver
55	1	0	1	7.50591	putting
56	1	0	1	7.50591	punctured
57	2	2	0	7.50591	protest
58	1	1	0	7.50591	prevented
59	1	1	0	7.50591	picking
60	1	0	1	7.50591	persistency
61	1	1	0	7.50591	perished
62	1	0	1	7.50591	offering
63	1	1	0	7.50591	obliging
64	1	0	1	7.50591	novels
65	1	1	0	7.50591	non
66	1	1	0	7.50591	nion
67	1	1	0	7.50591	mist
68	1	0	1	7.50591	minded
69	1	0	1	7.50591	micky
70	1	0	1	7.50591	megalomaniac
71	1	1	0	7.50591	medals
72	1	1	0	7.50591	marry
73	1	0	1	7.50591	manage
74	1	0	1	7.50591	mackerel
75	1	0	1	7.50591	looks
76	1	0	1	7.50591	listened
77	1	0	1	7.50591	lira
78	1	0	1	7.50591	lecturer
79	1	0	1	7.50591	lay
80	1	0	1	7.50591	irrational
81	1	1	0	7.50591	intimacy
82	1	0	1	7.50591	intent
83	1	1	0	7.50591	inference
84	1	0	1	7.50591	industry
85	1	0	1	7.50591	indignant
86	1	1	0	7.50591	inch
87	1	0	1	7.50591	incessantly
88	1	0	1	7.50591	illuminates
89	1	1	0	7.50591	hurts
90	2	1	1	7.50591	humbug
91	1	0	1	7.50591	houseman
92	1	1	0	7.50591	hazy
93	1	1	0	7.50591	harry
94	1	1	0	7.50591	harrison
95	1	0	1	7.50591	greedy
96	1	0	1	7.50591	germany
97	1	0	1	7.50591	gently
98	1	1	0	7.50591	generously
99	1	1	0	7.50591	forges
100	1	0	1	7.50591	fishing
101	1	0	1	7.50591	firmly
102	1	0	1	7.50591	fined
103	1	1	0	7.50591	fiend
104	1	1	0	7.50591	fertile
105	1	1	0	7.50591	feebly
106	1	1	0	7.50591	fed
107	1	1	0	7.50591	fantastic
108	1	0	1	7.50591	excitedly
109	1	0	1	7.50591	exaggerates
110	1	0	1	7.50591	evoking
111	1	1	0	7.50591	evil
112	1	1	0	7.50591	emphasis
113	1	0	1	7.50591	emotional
114	1	1	0	7.50591	efficiently
115	1	0	1	7.50591	educated
116	1	1	0	7.50591	economics
117	1	1	0	7.50591	ear
118	1	0	1	7.50591	duke
119	1	0	1	7.50591	dotes
120	1	1	0	7.50591	discussion
121	1	0	1	7.50591	devote
122	1	1	0	7.50591	devil
123	1	1	0	7.50591	despicable
124	1	0	1	7.50591	decide
125	1	1	0	7.50591	darwins
126	1	0	1	7.50591	dancing
127	1	1	0	7.50591	curtain
128	1	0	1	7.50591	cured
129	1	1	0	7.50591	cups
130	1	0	1	7.50591	crushes
131	1	0	1	7.50591	creaks
132	1	0	1	7.50591	correspondence
133	1	0	1	7.50591	copper
134	1	0	1	7.50591	continuity
135	1	1	0	7.50591	conflict
136	1	1	0	7.50591	concealed
137	1	1	0	7.50591	committed
138	1	1	0	7.50591	childlike
139	1	1	0	7.50591	caught
140	1	1	0	7.50591	brutes
141	1	0	1	7.50591	became
142	1	0	1	7.50591	based
143	1	0	1	7.50591	baptised
144	1	1	0	7.50591	assertiveness
145	1	0	1	7.50591	argued
146	1	1	0	7.50591	argaret
147	1	1	0	7.50591	archbishop
148	1	0	1	7.50591	appreciates
149	1	0	1	7.50591	apelike
150	1	0	1	7.50591	analysis
151	1	1	0	7.50591	agree
152	1	1	0	7.50591	affection
153	1	1	0	7.50591	adoration
154	2	0	2	6.92095	raymond
155	2	1	1	6.92095	laugh
156	2	2	0	6.92095	kissed
157	2	0	2	6.92095	dying
158	2	1	1	6.92095	becomes
159	3	1	2	6.76894	thinks
160	1	0	1	6.50591	waspish
161	1	1	0	6.50591	war
162	1	0	1	6.50591	type
163	1	1	0	6.50591	turn
164	1	0	1	6.50591	travelled
165	1	0	1	6.50591	touched
166	1	1	0	6.50591	theories
167	1	1	0	6.50591	taken
168	1	1	0	6.50591	staying
169	1	1	0	6.50591	stayed
170	1	0	1	6.50591	spirit
171	1	0	1	6.50591	spends
172	1	1	0	6.50591	shoulder
173	2	1	1	6.50591	sees
174	1	0	1	6.50591	rs
175	1	1	0	6.50591	rhapsody
176	2	1	1	6.50591	refuses
177	1	1	0	6.50591	published
178	1	1	0	6.50591	proust
179	1	1	0	6.50591	proof
180	1	1	0	6.50591	presence
181	1	1	0	6.50591	palace
182	1	1	0	6.50591	paid
183	1	0	1	6.50591	ostensibly
184	1	1	0	6.50591	nuisance
185	1	0	1	6.50591	moths
186	2	0	2	6.50591	means
187	1	1	0	6.50591	masterpiece
188	1	0	1	6.50591	mad
189	2	2	0	6.50591	lydia
190	2	0	2	6.50591	looked
191	3	1	2	6.50591	leaves
192	1	1	0	6.50591	kitchen
193	1	0	1	6.50591	kiss
194	1	1	0	6.50591	interrupted
195	2	0	2	6.50591	imagine
196	1	0	1	6.50591	hid
197	1	1	0	6.50591	help
198	1	0	1	6.50591	held
199	1	1	0	6.50591	headed
200	1	0	1	6.50591	gramophone
201	1	1	0	6.50591	gould
202	1	1	0	6.50591	flourishing
203	1	0	1	6.50591	fetch
204	1	0	1	6.50591	feels
205	2	1	1	6.50591	failure
206	1	1	0	6.50591	failed
207	1	1	0	6.50591	existence
208	1	0	1	6.50591	enthusiastic
209	1	0	1	6.50591	emerged
210	1	0	1	6.50591	electricity
211	3	0	3	6.50591	doesn
212	1	0	1	6.50591	distracted
213	1	1	0	6.50591	dentist
214	1	1	0	6.50591	deaf
215	1	0	1	6.50591	daddy
216	1	0	1	6.50591	complained
217	1	1	0	6.50591	clock
218	1	0	1	6.50591	cassis
219	2	0	2	6.50591	calls
220	1	1	0	6.50591	budge
221	1	1	0	6.50591	brisk
222	1	0	1	6.50591	blooded
223	2	1	1	6.50591	asks
224	1	1	0	6.50591	ant
225	1	1	0	6.50591	ahead
226	1	0	1	6.50591	aged
227	4	1	3	6.50591	age
228	1	0	1	6.50591	admit
229	3	2	1	6.28352	worth
230	2	0	2	6.18398	seemed
231	2	1	1	6.18398	point
232	2	1	1	6.18398	met
233	2	0	2	6.18398	logan
234	2	1	1	6.18398	leave
235	2	1	1	6.18398	course
236	3	3	0	6.09087	indeed
237	1	0	1	5.92095	writes
238	1	0	1	5.92095	worn
239	1	0	1	5.92095	walks
240	11	6	5	5.92095	us
241	1	1	0	5.92095	social
242	1	0	1	5.92095	print
243	1	0	1	5.92095	praised
244	1	0	1	5.92095	praise
245	1	1	0	5.92095	ought
246	1	1	0	5.92095	operation
247	1	0	1	5.92095	loved
248	1	0	1	5.92095	likes
249	1	0	1	5.92095	india
250	2	1	1	5.92095	hour
251	1	0	1	5.92095	fingers
252	1	0	1	5.92095	faith
253	1	1	0	5.92095	essays
254	1	0	1	5.92095	driving
255	1	0	1	5.92095	coloured
256	1	1	0	5.92095	broadcast
257	1	1	0	5.92095	brings
258	1	0	1	5.92095	better
259	1	0	1	5.92095	bare
260	1	1	0	5.92095	baker
261	1	1	0	5.92095	avoid
262	1	1	0	5.92095	autobiography
263	2	2	0	5.92095	afternoon
264	3	1	2	5.76894	talked
265	3	3	0	5.76894	easily
266	3	2	1	5.76894	angus
267	9	3	6	5.72164	says
268	4	1	3	5.69855	tell
269	2	0	2	5.69855	grey
270	2	1	1	5.69855	everyone
271	2	2	0	5.69855	door
272	2	1	1	5.69855	asking
273	3	1	2	5.63144	told
274	4	3	1	5.59902	mary
275	15	13	2	5.57991	him
276	1	1	0	5.50591	u
277	1	1	0	5.50591	soul
278	1	0	1	5.50591	ready
279	1	0	1	5.50591	played
280	1	0	1	5.50591	pink
281	1	1	0	5.50591	phil
282	1	0	1	5.50591	months
283	2	0	2	5.50591	middle
284	1	1	0	5.50591	low
285	1	0	1	5.50591	later
286	1	1	0	5.50591	knole
287	1	1	0	5.50591	jack
288	1	0	1	5.50591	hands
289	1	1	0	5.50591	gerald
290	1	1	0	5.50591	except
291	1	0	1	5.50591	entirely
292	1	1	0	5.50591	enormous
293	1	1	0	5.50591	disillusionment
294	2	1	1	5.50591	dining
295	1	0	1	5.50591	bit
296	1	1	0	5.50591	baldwin
297	2	1	1	5.33598	wants
298	2	1	1	5.33598	left
299	6	2	4	5.28352	would
300	3	1	2	5.28352	asked
301	12	1	11	5.23289	will
302	1	0	1	5.18398	took
303	1	1	0	5.18398	together
304	1	0	1	5.18398	thats
305	1	1	0	5.18398	somehow
306	1	1	0	5.18398	sensitive
307	2	1	1	5.18398	nature
308	1	0	1	5.18398	meant
309	1	1	0	5.18398	married
310	3	1	2	5.18398	made
311	1	1	0	5.18398	lives
312	1	1	0	5.18398	hubert
313	1	0	1	5.18398	hardy
314	1	0	1	5.18398	gas
315	1	0	1	5.18398	felt
316	1	1	0	5.18398	february
317	1	0	1	5.18398	early
318	1	1	0	5.18398	crowd
319	2	2	0	5.18398	alone
320	7	3	4	5.10381	never
321	11	4	7	5.08270	said
322	7	3	4	5.06534	came
323	9	8	1	5.00341	if
324	4	3	1	4.98235	thing
325	1	0	1	4.92095	window
326	1	1	0	4.92095	while
327	2	1	1	4.92095	till
328	2	1	1	4.92095	such
329	1	0	1	4.92095	seriously
330	1	1	0	4.92095	poetry
331	1	1	0	4.92095	picture
332	1	1	0	4.92095	morgan
333	1	1	0	4.92095	labour
334	1	0	1	4.92095	himself
335	1	1	0	4.92095	each
336	1	1	0	4.92095	describe
337	3	3	0	4.92095	because
338	1	1	0	4.92095	affair
339	11	2	9	4.89925	his
340	20	10	10	4.89710	he
341	7	3	4	4.85383	do
342	9	7	2	4.84294	how
343	2	2	0	4.80547	does
344	9	6	3	4.79319	l
345	3	2	1	4.76894	tea
346	1	0	1	4.69855	water
347	1	0	1	4.69855	waiting
348	1	1	0	4.69855	sunday
349	2	1	1	4.69855	summer
350	1	0	1	4.69855	stay
351	2	2	0	4.69855	sat
352	1	0	1	4.69855	passage
353	1	1	0	4.69855	o
354	1	0	1	4.69855	heard
355	1	0	1	4.69855	hand
356	2	0	2	4.69855	got
357	3	1	2	4.69855	d
358	1	1	0	4.69855	best
359	3	0	3	4.63144	going
360	2	1	1	4.59902	without
361	2	1	1	4.59902	just
362	4	3	1	4.59902	being
363	3	2	1	4.56731	way
364	4	3	1	4.50591	yet
365	1	1	0	4.50591	whom
366	1	1	0	4.50591	upon
367	1	1	0	4.50591	sometimes
368	3	3	0	4.50591	other
369	1	1	0	4.50591	open
370	4	3	1	4.50591	night
371	3	2	1	4.50591	its
372	1	1	0	4.50591	dog
373	1	1	0	4.50591	cannot
374	1	1	0	4.50591	bed
375	1	0	1	4.50591	become
376	1	0	1	4.50591	anything
377	3	0	3	4.44702	want
378	11	3	8	4.38038	has
379	4	3	1	4.37663	clive
380	5	1	4	4.36841	been
381	7	4	3	4.33598	very
382	2	1	1	4.33598	thought
383	1	0	1	4.33598	sold
384	1	0	1	4.33598	red
385	1	1	0	4.33598	mean
386	2	2	0	4.33598	leonard
387	1	0	1	4.33598	knows
388	1	0	1	4.33598	finished
389	1	1	0	4.33598	dear
390	1	0	1	4.33598	buy
391	2	0	2	4.25798	went
392	1	0	1	4.18398	sitting
393	1	1	0	4.18398	saying
394	1	0	1	4.18398	press
395	2	1	1	4.18398	most
396	1	0	1	4.18398	might
397	1	1	0	4.18398	looking
398	1	0	1	4.18398	however
399	2	0	2	4.18398	dont
400	1	1	0	4.18398	children
401	1	0	1	4.18398	another
402	8	8	0	4.16606	which
403	2	1	1	4.11359	love
404	5	1	4	4.09992	t
405	1	1	0	4.04648	saturday
406	1	1	0	4.04648	remember
407	1	1	0	4.04648	oh
408	1	1	0	4.04648	nation
409	1	1	0	4.04648	lytton
410	1	0	1	4.04648	human
411	4	2	2	4.04648	here
412	1	1	0	4.04648	done
413	1	1	0	4.04648	doing
414	1	0	1	4.04648	dined
415	3	2	1	3.96159	again
416	10	1	9	3.95747	was
417	17	7	10	3.92804	with
418	1	0	1	3.92095	r
419	1	1	0	3.92095	poor
420	3	1	2	3.92095	can
421	3	1	2	3.92095	after
422	9	8	1	3.86848	as
423	3	2	1	3.84294	too
424	3	2	1	3.84294	see
425	3	0	3	3.80547	when
426	1	0	1	3.80547	talking
427	1	1	0	3.80547	since
428	3	1	2	3.76894	go
429	7	4	3	3.75868	now
430	2	2	0	3.75102	did
431	3	2	1	3.73332	they
432	11	2	9	3.72694	me
433	2	0	2	3.69855	only
434	1	1	0	3.69855	once
435	3	1	2	3.69855	off
436	1	1	0	3.69855	next
437	2	1	1	3.69855	nessa
438	1	0	1	3.69855	almost
439	26	9	17	3.66332	is
440	20	9	11	3.66293	it
441	4	3	1	3.64793	there
442	8	6	2	3.64793	then
443	2	1	1	3.64793	could
444	5	3	2	3.63801	an
445	23	9	14	3.60321	in
446	1	1	0	3.59902	year
447	1	1	0	3.59902	still
448	1	0	1	3.59902	maynard
449	1	0	1	3.59902	even
450	1	0	1	3.59902	both
451	2	1	1	3.59902	back
452	11	5	6	3.58164	at
453	2	2	0	3.55171	say
454	1	1	0	3.50591	round
455	1	1	0	3.50591	room
456	3	2	1	3.50591	last
457	1	0	1	3.50591	dinner
458	2	0	2	3.46152	than
459	1	1	0	3.41845	sense
460	1	1	0	3.41845	man
461	4	1	3	3.41845	had
462	9	5	4	3.38121	for
463	2	1	1	3.37663	who
464	2	2	0	3.37663	m
465	3	0	3	3.36295	more
466	35	15	20	3.33828	to
467	2	2	0	3.33598	writing
468	1	1	0	3.33598	why
469	4	3	1	3.33598	what
470	1	1	0	3.33598	talk
471	2	1	1	3.33598	book
472	2	1	1	3.29646	should
473	1	1	0	3.25798	though
474	1	0	1	3.25798	strike
475	1	0	1	3.25798	down
476	1	0	1	3.25798	day
477	5	2	3	3.24287	one
478	8	3	5	3.22978	she
479	7	4	3	3.22580	we
480	10	5	5	3.22051	that
481	1	1	0	3.18398	years
482	2	0	2	3.18398	write
483	1	1	0	3.18398	nothing
484	1	0	1	3.18398	don
485	1	0	1	3.11359	two
486	3	2	1	3.11359	from
487	23	11	12	3.06369	a
488	8	4	4	3.06297	on
489	1	0	1	3.04648	things
490	1	1	0	3.04648	first
491	1	0	1	3.04648	days
492	45	22	23	3.04211	the
493	9	5	4	3.02478	this
494	4	4	0	2.99811	like
495	4	3	1	2.98235	think
496	1	0	1	2.98235	morning
497	6	4	2	2.95132	so
498	22	12	10	2.94020	of
499	1	1	0	2.92095	books
500	1	0	1	2.92095	any
501	3	2	1	2.88142	are
502	1	0	1	2.86205	new
503	1	1	0	2.86205	good
504	1	1	0	2.80547	perhaps
505	1	0	1	2.80547	mind
506	1	0	1	2.80547	c
507	1	1	0	2.75102	own
508	4	3	1	2.73772	s
509	1	1	0	2.69855	were
510	1	0	1	2.55171	come
511	4	1	3	2.54012	be
512	1	0	1	2.46152	people
513	1	1	0	2.46152	lighthouse
514	1	0	1	2.41845	get
515	5	3	2	2.38489	but
516	2	1	1	2.37663	no
517	2	2	0	2.33598	about
518	3	1	2	2.27069	not
519	1	0	1	2.22051	these
520	1	0	1	2.22051	life
521	1	0	1	2.11359	may
522	19	13	6	2.06909	i
523	3	1	2	2.06850	all
524	1	0	1	1.95132	rather
525	1	1	0	1.95132	and
526	1	1	0	1.83348	little
527	1	1	0	1.37663	up
528	2	1	1	1.35616	have
529	3	2	1	1.31608	my
530	1	0	1	1.27709	by
531	1	0	1	1.11359	out
532	1	1	0	0.54012	her
