#Total No. of Collocate Types: 1123
#Total No. of Collocate Tokens: 3785
1	5	2	3	12.29914	reverted
2	4	2	2	11.97721	petted
3	4	2	2	11.97721	losing
4	4	3	1	11.97721	controlling
5	3	2	1	11.56218	warmly
6	3	2	1	11.56218	prides
7	3	1	2	11.56218	painting
8	3	1	2	11.56218	motherless
9	3	2	1	11.56218	match
10	3	2	1	11.56218	hated
11	3	1	2	11.56218	girlish
12	3	1	2	11.56218	especially
13	3	1	2	11.56218	cheeks
14	3	2	1	11.56218	carries
15	5	3	2	11.29914	sympathetic
16	2	2	0	10.97721	wife
17	2	1	1	10.97721	vanished
18	2	1	1	10.97721	values
19	2	1	1	10.97721	turpentine
20	2	2	0	10.97721	terror
21	4	2	2	10.97721	swallowed
22	2	1	1	10.97721	striped
23	2	2	0	10.97721	steps
24	2	2	0	10.97721	spotted
25	2	0	2	10.97721	spiteful
26	2	1	1	10.97721	silk
27	2	1	1	10.97721	shyer
28	2	1	1	10.97721	shuts
29	2	0	2	10.97721	shd
30	2	1	1	10.97721	shabbier
31	2	1	1	10.97721	selfish
32	2	1	1	10.97721	returns
33	2	2	0	10.97721	reservations
34	2	0	2	10.97721	recorded
35	2	2	0	10.97721	railway
36	2	0	2	10.97721	purely
37	2	2	0	10.97721	produces
38	2	1	1	10.97721	prevent
39	2	1	1	10.97721	pressure
40	2	1	1	10.97721	potatoes
41	2	1	1	10.97721	plank
42	2	1	1	10.97721	personality
43	2	2	0	10.97721	patting
44	2	1	1	10.97721	parents
45	2	1	1	10.97721	palmed
46	2	1	1	10.97721	owe
47	2	0	2	10.97721	mere
48	2	1	1	10.97721	maintain
49	2	0	2	10.97721	loveliness
50	2	1	1	10.97721	looming
51	2	1	1	10.97721	listeners
52	2	1	1	10.97721	learning
53	2	2	0	10.97721	lamb
54	2	1	1	10.97721	kicked
55	2	0	2	10.97721	jangled
56	2	1	1	10.97721	italian
57	2	2	0	10.97721	indifference
58	2	1	1	10.97721	increases
59	2	1	1	10.97721	idiomatic
60	2	0	2	10.97721	hips
61	2	1	1	10.97721	heated
62	2	1	1	10.97721	heaps
63	2	1	1	10.97721	hall
64	2	1	1	10.97721	ghostlike
65	2	2	0	10.97721	fortune
66	4	2	2	10.97721	firm
67	2	1	1	10.97721	fiend
68	2	1	1	10.97721	fads
69	2	0	2	10.97721	expressed
70	2	2	0	10.97721	encounters
71	2	1	1	10.97721	efficient
72	2	0	2	10.97721	eat
73	2	2	0	10.97721	dragging
74	2	2	0	10.97721	drabness
75	4	2	2	10.97721	doubtfully
76	2	1	1	10.97721	dies
77	4	2	2	10.97721	desolate
78	2	1	1	10.97721	culminating
79	2	1	1	10.97721	courage
80	2	2	0	10.97721	cotton
81	2	0	2	10.97721	coos
82	2	1	1	10.97721	contrive
83	2	1	1	10.97721	consult
84	4	4	0	10.97721	competent
85	2	2	0	10.97721	coldness
86	2	2	0	10.97721	cheery
87	2	1	1	10.97721	cheap
88	4	1	3	10.97721	chattering
89	2	1	1	10.97721	charms
90	2	0	2	10.97721	bovine
91	2	1	1	10.97721	bottle
92	2	1	1	10.97721	blowsed
93	4	1	3	10.97721	blood
94	2	1	1	10.97721	bayswater
95	2	1	1	10.97721	awkwarder
96	2	1	1	10.97721	awful
97	2	1	1	10.97721	aspiring
98	2	1	1	10.97721	arranging
99	6	3	3	10.97721	arch
100	2	1	1	10.97721	anti
101	2	1	1	10.97721	angevin
102	2	2	0	10.97721	amusing
103	2	2	0	10.97721	adorable
104	6	2	4	10.97721	admires
105	2	0	2	10.97721	admirably
106	2	1	1	10.97721	acuteness
107	2	2	0	10.97721	accident
108	2	1	1	10.97721	abundant
109	3	1	2	10.56218	norfolk
110	3	1	2	10.56218	knowledge
111	3	2	1	10.56218	intimately
112	3	2	1	10.56218	help
113	3	2	1	10.56218	exquisite
114	4	2	2	10.39225	tells
115	4	3	1	10.39225	stage
116	4	1	3	10.39225	refusing
117	4	2	2	10.39225	lived
118	4	3	1	10.39225	cook
119	5	2	3	10.29914	refuses
120	8	2	6	10.16986	charm
121	1	0	1	9.97721	womans
122	2	0	2	9.97721	woke
123	1	0	1	9.97721	wisp
124	1	1	0	9.97721	wishing
125	1	0	1	9.97721	wished
126	1	1	0	9.97721	wiles
127	1	1	0	9.97721	wildly
128	1	1	0	9.97721	wild
129	2	1	1	9.97721	whats
130	1	0	1	9.97721	wear
131	1	1	0	9.97721	weakening
132	1	0	1	9.97721	weakened
133	1	1	0	9.97721	warinesses
134	1	1	0	9.97721	wagging
135	1	1	0	9.97721	vernon
136	1	0	1	9.97721	velvet
137	1	1	0	9.97721	upsetting
138	1	0	1	9.97721	unstinted
139	1	0	1	9.97721	unillumined
140	1	1	0	9.97721	unhurt
141	2	2	0	9.97721	uneasy
142	1	1	0	9.97721	unchanged
143	1	1	0	9.97721	unanswered
144	1	1	0	9.97721	turners
145	1	0	1	9.97721	turkish
146	1	0	1	9.97721	tuned
147	1	0	1	9.97721	tumour
148	1	0	1	9.97721	tumbled
149	1	1	0	9.97721	truthful
150	1	0	1	9.97721	trips
151	1	1	0	9.97721	tribe
152	2	0	2	9.97721	tree
153	1	0	1	9.97721	travelling
154	1	1	0	9.97721	tragedy
155	1	1	0	9.97721	topic
156	1	0	1	9.97721	tomlin
157	1	1	0	9.97721	thread
158	4	2	2	9.97721	thick
159	1	1	0	9.97721	ten
160	2	0	2	9.97721	teeth
161	3	2	1	9.97721	taste
162	1	0	1	9.97721	taps
163	1	1	0	9.97721	tactfully
164	3	3	0	9.97721	sybil
165	2	0	2	9.97721	sweet
166	1	1	0	9.97721	suspicious
167	1	1	0	9.97721	susceptibility
168	1	1	0	9.97721	sunny
169	1	1	0	9.97721	sunburnt
170	1	0	1	9.97721	sum
171	1	1	0	9.97721	suit
172	2	1	1	9.97721	suggested
173	1	1	0	9.97721	sublime
174	1	1	0	9.97721	stupidish
175	2	0	2	9.97721	stopped
176	1	0	1	9.97721	steadily
177	1	1	0	9.97721	startled
178	2	1	1	9.97721	stands
179	1	1	0	9.97721	stalking
180	1	0	1	9.97721	sources
181	1	0	1	9.97721	soup
182	1	1	0	9.97721	solitary
183	1	1	0	9.97721	socially
184	1	0	1	9.97721	snowstorm
185	1	0	1	9.97721	small
186	1	0	1	9.97721	slide
187	1	1	0	9.97721	sleepy
188	2	1	1	9.97721	skirts
189	1	0	1	9.97721	skilful
190	1	1	0	9.97721	shirt
191	1	0	1	9.97721	sharon
192	1	0	1	9.97721	shams
193	1	0	1	9.97721	secondrateness
194	1	1	0	9.97721	seat
195	2	2	0	9.97721	searches
196	1	0	1	9.97721	scrawls
197	1	1	0	9.97721	scorched
198	2	1	1	9.97721	schoolgirl
199	1	1	0	9.97721	schoolboy
200	1	0	1	9.97721	scarify
201	1	1	0	9.97721	scandalous
202	1	0	1	9.97721	salute
203	1	0	1	9.97721	sad
204	1	0	1	9.97721	runs
205	3	1	2	9.97721	rings
206	2	0	2	9.97721	rimmed
207	1	1	0	9.97721	ridden
208	1	0	1	9.97721	revolutionary
209	1	0	1	9.97721	revised
210	1	1	0	9.97721	reverts
211	1	1	0	9.97721	retreat
212	1	0	1	9.97721	resolve
213	3	3	0	9.97721	resolute
214	1	0	1	9.97721	resents
215	1	0	1	9.97721	resented
216	1	1	0	9.97721	reprehensibly
217	1	1	0	9.97721	repose
218	1	0	1	9.97721	replaced
219	1	1	0	9.97721	relationships
220	1	1	0	9.97721	recommended
221	1	1	0	9.97721	recalling
222	3	1	2	9.97721	raymond
223	1	0	1	9.97721	ran
224	1	0	1	9.97721	rakes
225	1	0	1	9.97721	quieter
226	2	1	1	9.97721	purpose
227	1	1	0	9.97721	pruned
228	1	0	1	9.97721	product
229	1	1	0	9.97721	pretending
230	1	0	1	9.97721	pretence
231	2	1	1	9.97721	presence
232	1	0	1	9.97721	prediction
233	1	1	0	9.97721	practised
234	1	0	1	9.97721	powers
235	1	1	0	9.97721	position
236	2	1	1	9.97721	poems
237	1	1	0	9.97721	playhouse
238	1	0	1	9.97721	persia
239	1	1	0	9.97721	perch
240	1	0	1	9.97721	pendulous
241	2	0	2	9.97721	pearls
242	1	0	1	9.97721	passengers
243	1	1	0	9.97721	partings
244	2	2	0	9.97721	parsons
245	1	0	1	9.97721	painters
246	1	1	0	9.97721	paint
247	1	0	1	9.97721	orders
248	1	1	0	9.97721	orange
249	1	0	1	9.97721	openly
250	5	4	1	9.97721	oliver
251	1	1	0	9.97721	offer
252	1	0	1	9.97721	odds
253	2	1	1	9.97721	obliterated
254	1	1	0	9.97721	nursing
255	1	0	1	9.97721	nursery
256	2	0	2	9.97721	nuisance
257	1	0	1	9.97721	notā
258	1	1	0	9.97721	nevertheless
259	2	2	0	9.97721	needed
260	1	1	0	9.97721	ndrate
261	1	1	0	9.97721	naturally
262	1	0	1	9.97721	musing
263	1	1	0	9.97721	mummified
264	1	1	0	9.97721	mumbled
265	1	0	1	9.97721	movements
266	2	2	0	9.97721	mouth
267	1	0	1	9.97721	mount
268	1	0	1	9.97721	moon
269	1	1	0	9.97721	mole
270	1	1	0	9.97721	mistreatment
271	1	1	0	9.97721	milieu
272	2	0	2	9.97721	merely
273	1	0	1	9.97721	mental
274	1	0	1	9.97721	marry
275	5	1	4	9.97721	married
276	1	1	0	9.97721	maker
277	1	1	0	9.97721	lustrous
278	3	0	3	9.97721	loves
279	2	1	1	9.97721	lot
280	1	1	0	9.97721	lorries
281	1	1	0	9.97721	lonely
282	3	2	1	9.97721	live
283	2	1	1	9.97721	literary
284	1	0	1	9.97721	limelight
285	2	1	1	9.97721	likely
286	1	0	1	9.97721	likable
287	1	1	0	9.97721	lee
288	1	1	0	9.97721	lava
289	1	0	1	9.97721	lasted
290	1	0	1	9.97721	langtry
291	2	0	2	9.97721	landing
292	1	0	1	9.97721	ladies
293	1	1	0	9.97721	knotting
294	1	1	0	9.97721	knitting
295	1	1	0	9.97721	kitchins
296	1	1	0	9.97721	kindnesses
297	4	2	2	9.97721	kindly
298	1	1	0	9.97721	kahan
299	2	2	0	9.97721	ka
300	1	0	1	9.97721	justly
301	1	0	1	9.97721	jerseys
302	1	0	1	9.97721	jacket
303	1	0	1	9.97721	invented
304	1	1	0	9.97721	intolerably
305	1	1	0	9.97721	interruption
306	1	0	1	9.97721	interrupt
307	1	0	1	9.97721	intellectually
308	1	1	0	9.97721	insists
309	1	0	1	9.97721	innocentâ
310	1	1	0	9.97721	inkpot
311	2	2	0	9.97721	inclined
312	1	0	1	9.97721	improviser
313	1	1	0	9.97721	impressed
314	2	2	0	9.97721	implicitly
315	1	0	1	9.97721	immensely
316	1	1	0	9.97721	horner
317	1	0	1	9.97721	honest
318	1	1	0	9.97721	hollow
319	1	1	0	9.97721	hide
320	1	0	1	9.97721	heroism
321	1	1	0	9.97721	heroic
322	2	2	0	9.97721	henry
323	1	1	0	9.97721	heel
324	1	1	0	9.97721	heavy
325	1	1	0	9.97721	hardys
326	1	1	0	9.97721	hampstead
327	1	1	0	9.97721	halfs
328	1	1	0	9.97721	hag
329	2	0	2	9.97721	greenish
330	1	0	1	9.97721	gratifies
331	1	1	0	9.97721	grateful
332	1	0	1	9.97721	grand
333	1	0	1	9.97721	grained
334	1	0	1	9.97721	glowing
335	3	1	2	9.97721	glow
336	1	0	1	9.97721	genuinely
337	1	0	1	9.97721	gemlike
338	1	1	0	9.97721	gathorne
339	1	1	0	9.97721	futile
340	1	1	0	9.97721	funeral
341	1	0	1	9.97721	fund
342	1	1	0	9.97721	fruitful
343	1	1	0	9.97721	friend
344	1	1	0	9.97721	forever
345	1	1	0	9.97721	foretold
346	1	0	1	9.97721	fontainebleau
347	1	1	0	9.97721	folded
348	1	1	0	9.97721	flowered
349	1	0	1	9.97721	flock
350	2	1	1	9.97721	floating
351	1	1	0	9.97721	flies
352	1	0	1	9.97721	flamboyant
353	1	1	0	9.97721	fires
354	1	1	0	9.97721	festival
355	1	1	0	9.97721	feminine
356	1	0	1	9.97721	fee
357	1	0	1	9.97721	fawned
358	1	1	0	9.97721	fantastically
359	1	1	0	9.97721	fancy
360	1	0	1	9.97721	explicit
361	1	1	0	9.97721	expert
362	1	1	0	9.97721	expects
363	1	1	0	9.97721	existing
364	2	1	1	9.97721	eternal
365	1	1	0	9.97721	essay
366	1	0	1	9.97721	equipment
367	1	1	0	9.97721	envisages
368	1	0	1	9.97721	enmeshed
369	1	0	1	9.97721	endsâ
370	1	1	0	9.97721	elderly
371	1	0	1	9.97721	egotism
372	1	1	0	9.97721	eggs
373	1	0	1	9.97721	earrings
374	1	0	1	9.97721	duchess
375	1	1	0	9.97721	dryden
376	1	0	1	9.97721	dribbles
377	2	2	0	9.97721	drawn
378	1	1	0	9.97721	drainpipes
379	2	1	1	9.97721	dowdy
380	2	1	1	9.97721	double
381	1	1	0	9.97721	dotty
382	1	0	1	9.97721	dotties
383	1	1	0	9.97721	divert
384	2	2	0	9.97721	distracted
385	1	0	1	9.97721	distinctly
386	1	1	0	9.97721	disperse
387	2	0	2	9.97721	disliked
388	1	0	1	9.97721	discretion
389	1	1	0	9.97721	dimly
390	1	0	1	9.97721	devil
391	1	0	1	9.97721	determined
392	1	1	0	9.97721	detected
393	1	1	0	9.97721	destroyed
394	1	0	1	9.97721	denied
395	1	1	0	9.97721	declared
396	1	0	1	9.97721	deck
397	1	1	0	9.97721	darwins
398	1	0	1	9.97721	cure
399	1	0	1	9.97721	cupboard
400	1	1	0	9.97721	culminated
401	1	0	1	9.97721	crusty
402	1	0	1	9.97721	criticised
403	1	0	1	9.97721	cries
404	1	0	1	9.97721	credit
405	1	0	1	9.97721	cottage
406	1	0	1	9.97721	cordiality
407	2	2	0	9.97721	convinced
408	2	1	1	9.97721	conversation
409	2	1	1	9.97721	considerable
410	1	0	1	9.97721	confronted
411	1	1	0	9.97721	comforting
412	1	1	0	9.97721	colourlessness
413	1	0	1	9.97721	colefaxes
414	1	0	1	9.97721	cloistered
415	1	1	0	9.97721	check
416	1	1	0	9.97721	cautious
417	1	1	0	9.97721	cat
418	3	2	1	9.97721	cartwright
419	1	0	1	9.97721	carnation
420	1	0	1	9.97721	carmichael
421	1	1	0	9.97721	careful
422	1	1	0	9.97721	card
423	1	0	1	9.97721	busy
424	1	1	0	9.97721	brute
425	1	0	1	9.97721	bruce
426	2	2	0	9.97721	brooke
427	1	1	0	9.97721	bride
428	1	0	1	9.97721	breakdown
429	2	1	1	9.97721	bound
430	1	1	0	9.97721	boom
431	1	0	1	9.97721	bolshevists
432	1	1	0	9.97721	bodily
433	1	0	1	9.97721	blaspheming
434	2	2	0	9.97721	believed
435	1	0	1	9.97721	behaviour
436	1	0	1	9.97721	aug
437	1	1	0	9.97721	attentive
438	2	1	1	9.97721	attention
439	1	0	1	9.97721	attended
440	1	0	1	9.97721	attach
441	4	2	2	9.97721	atmosphere
442	1	0	1	9.97721	asleep
443	1	1	0	9.97721	arrangements
444	2	1	1	9.97721	arguing
445	1	1	0	9.97721	apology
446	1	1	0	9.97721	apart
447	1	0	1	9.97721	answering
448	1	1	0	9.97721	annulled
449	1	0	1	9.97721	ankles
450	1	0	1	9.97721	ancestresses
451	1	1	0	9.97721	amused
452	1	0	1	9.97721	amphibious
453	1	1	0	9.97721	allinson
454	1	1	0	9.97721	allella
455	1	1	0	9.97721	alarming
456	1	1	0	9.97721	ages
457	1	0	1	9.97721	adulterated
458	1	1	0	9.97721	admiring
459	1	1	0	9.97721	acres
460	1	0	1	9.97721	achieved
461	1	0	1	9.97721	accusations
462	1	0	1	9.97721	accepts
463	2	0	2	9.97721	abstract
464	5	2	3	9.71418	half
465	7	3	4	9.61464	red
466	6	2	4	9.56218	whom
467	3	1	2	9.56218	nose
468	6	2	4	9.56218	mother
469	3	3	0	9.56218	miserable
470	3	1	2	9.56218	hands
471	3	2	1	9.56218	boy
472	3	3	0	9.56218	anyone
473	3	2	1	9.56218	able
474	8	4	4	9.51778	believe
475	5	3	2	9.49179	herself
476	2	1	1	9.39225	writes
477	2	2	0	9.39225	womanly
478	2	1	1	9.39225	table
479	2	1	1	9.39225	strange
480	2	1	1	9.39225	sofa
481	2	0	2	9.39225	silent
482	2	1	1	9.39225	ship
483	2	1	1	9.39225	running
484	2	0	2	9.39225	ott
485	2	1	1	9.39225	music
486	2	2	0	9.39225	managed
487	2	1	1	9.39225	invent
488	2	2	0	9.39225	interview
489	2	1	1	9.39225	instead
490	2	2	0	9.39225	horror
491	4	1	3	9.39225	girls
492	2	1	1	9.39225	floor
493	2	2	0	9.39225	dottie
494	2	1	1	9.39225	discussed
495	2	1	1	9.39225	daughter
496	2	1	1	9.39225	dare
497	2	0	2	9.39225	cooks
498	2	1	1	9.39225	chin
499	2	1	1	9.39225	address
500	2	1	1	9.39225	across
501	9	3	6	9.33978	eyes
502	3	1	2	9.24025	murry
503	3	0	3	9.24025	memoirs
504	3	0	3	9.24025	beauty
505	4	1	3	9.16986	used
506	4	3	1	9.16986	record
507	4	3	1	9.16986	happy
508	8	2	6	9.16986	got
509	4	2	2	9.16986	girl
510	4	1	3	9.16986	door
511	4	1	3	9.16986	compliments
512	85	46	39	9.11048	she
513	7	2	5	9.08413	talking
514	16	7	9	9.02302	says
515	2	1	1	8.97721	wrote
516	1	0	1	8.97721	wrong
517	2	0	2	8.97721	working
518	1	1	0	8.97721	wont
519	1	0	1	8.97721	wears
520	1	0	1	8.97721	voiced
521	1	1	0	8.97721	unless
522	1	1	0	8.97721	unhappy
523	1	0	1	8.97721	unfavourable
524	3	3	0	8.97721	todd
525	5	3	2	8.97721	thinking
526	1	1	0	8.97721	takes
527	1	0	1	8.97721	successful
528	1	1	0	8.97721	stout
529	2	1	1	8.97721	stop
530	1	1	0	8.97721	stones
531	1	1	0	8.97721	stiff
532	1	0	1	8.97721	stick
533	1	1	0	8.97721	stendhal
534	1	1	0	8.97721	splendid
535	1	0	1	8.97721	spends
536	1	1	0	8.97721	spectacle
537	1	0	1	8.97721	southampton
538	1	0	1	8.97721	sordid
539	5	1	4	8.97721	sitting
540	1	1	0	8.97721	show
541	1	1	0	8.97721	ships
542	1	1	0	8.97721	shades
543	1	0	1	8.97721	senses
544	5	4	1	8.97721	seen
545	1	0	1	8.97721	row
546	1	1	0	8.97721	rosy
547	1	0	1	8.97721	rich
548	1	1	0	8.97721	rhapsody
549	1	1	0	8.97721	remain
550	1	1	0	8.97721	relations
551	1	1	0	8.97721	private
552	1	1	0	8.97721	powerful
553	1	1	0	8.97721	positive
554	1	0	1	8.97721	pitch
555	2	0	2	8.97721	pink
556	3	0	3	8.97721	picture
557	2	1	1	8.97721	perfectly
558	1	0	1	8.97721	paris
559	1	0	1	8.97721	opened
560	6	1	5	8.97721	odd
561	1	1	0	8.97721	noble
562	2	0	2	8.97721	net
563	1	0	1	8.97721	move
564	1	1	0	8.97721	moments
565	1	1	0	8.97721	mended
566	1	1	0	8.97721	mature
567	1	0	1	8.97721	maid
568	2	0	2	8.97721	lying
569	1	0	1	8.97721	lunching
570	2	2	0	8.97721	looked
571	1	0	1	8.97721	lies
572	1	1	0	8.97721	liberty
573	1	0	1	8.97721	led
574	1	1	0	8.97721	lain
575	2	0	2	8.97721	jealousy
576	1	0	1	8.97721	jacques
577	1	0	1	8.97721	interruptions
578	1	0	1	8.97721	interrupted
579	1	1	0	8.97721	hurry
580	1	1	0	8.97721	humbug
581	1	0	1	8.97721	houses
582	1	0	1	8.97721	heels
583	1	0	1	8.97721	gould
584	1	0	1	8.97721	golden
585	1	1	0	8.97721	gallery
586	1	0	1	8.97721	frail
587	3	1	2	8.97721	fond
588	1	1	0	8.97721	final
589	1	1	0	8.97721	fan
590	1	1	0	8.97721	eyed
591	1	1	0	8.97721	eye
592	1	0	1	8.97721	elly
593	1	0	1	8.97721	ease
594	1	1	0	8.97721	doubts
595	2	1	1	8.97721	distinction
596	1	1	0	8.97721	display
597	2	1	1	8.97721	curiosity
598	1	0	1	8.97721	creature
599	2	2	0	8.97721	connection
600	1	0	1	8.97721	clever
601	1	0	1	8.97721	clearly
602	5	2	3	8.97721	children
603	1	1	0	8.97721	chattered
604	1	1	0	8.97721	centuries
605	1	1	0	8.97721	calm
606	1	1	0	8.97721	breezy
607	1	1	0	8.97721	bits
608	2	1	1	8.97721	bell
609	1	0	1	8.97721	begun
610	1	1	0	8.97721	bank
611	1	1	0	8.97721	arthur
612	1	1	0	8.97721	aren
613	1	0	1	8.97721	ardent
614	1	0	1	8.97721	anxious
615	1	1	0	8.97721	annoyed
616	1	1	0	8.97721	angular
617	1	1	0	8.97721	angry
618	1	1	0	8.97721	angelica
619	1	0	1	8.97721	american
620	1	0	1	8.97721	amazing
621	1	1	0	8.97721	aged
622	1	1	0	8.97721	affairs
623	10	5	5	8.90683	love
624	5	2	3	8.83971	told
625	5	4	1	8.83971	dined
626	56	28	28	8.81879	her
627	4	3	1	8.80729	walked
628	4	4	0	8.80729	tuesday
629	3	1	2	8.75482	world
630	3	1	2	8.75482	stories
631	3	2	1	8.75482	standing
632	3	1	2	8.75482	glad
633	3	1	2	8.75482	ask
634	5	3	2	8.71418	till
635	5	3	2	8.71418	poor
636	5	3	2	8.71418	miss
637	14	10	4	8.69711	vita
638	2	1	1	8.65529	sent
639	2	1	1	8.65529	partly
640	2	2	0	8.65529	nice
641	2	0	2	8.65529	lovely
642	2	1	1	8.65529	lily
643	2	1	1	8.65529	leave
644	2	2	0	8.65529	february
645	2	2	0	8.65529	faced
646	2	0	2	8.65529	difficult
647	2	1	1	8.65529	along
648	45	17	28	8.59870	was
649	3	3	0	8.56218	yes
650	3	1	2	8.56218	won
651	9	6	3	8.56218	other
652	3	1	2	8.56218	letters
653	3	1	2	8.56218	friends
654	3	2	1	8.56218	else
655	3	3	0	8.56218	dog
656	3	2	1	8.56218	cannot
657	3	1	2	8.56218	bed
658	8	4	4	8.51778	woman
659	10	2	8	8.49179	would
660	5	4	1	8.49179	asked
661	21	9	12	8.48689	said
662	6	4	2	8.47471	many
663	1	1	0	8.39225	wonderful
664	5	2	3	8.39225	without
665	2	1	1	8.39225	while
666	1	0	1	8.39225	walks
667	1	0	1	8.39225	walking
668	1	1	0	8.39225	variety
669	2	0	2	8.39225	v
670	2	0	2	8.39225	try
671	1	1	0	8.39225	those
672	1	1	0	8.39225	taking
673	1	1	0	8.39225	tail
674	2	1	1	8.39225	straight
675	1	1	0	8.39225	solitude
676	1	1	0	8.39225	slightly
677	1	1	0	8.39225	showing
678	1	1	0	8.39225	shop
679	2	1	1	8.39225	seeing
680	1	1	0	8.39225	sea
681	1	1	0	8.39225	rage
682	1	0	1	8.39225	practically
683	1	0	1	8.39225	poem
684	1	0	1	8.39225	painful
685	2	0	2	8.39225	ones
686	1	1	0	8.39225	november
687	5	3	2	8.39225	mary
688	1	1	0	8.39225	marriage
689	1	0	1	8.39225	loved
690	1	0	1	8.39225	laughed
691	2	1	1	8.39225	labour
692	1	0	1	8.39225	knew
693	1	1	0	8.39225	k
694	2	2	0	8.39225	july
695	1	0	1	8.39225	journey
696	1	1	0	8.39225	intimate
697	1	0	1	8.39225	india
698	1	0	1	8.39225	impossible
699	1	0	1	8.39225	hysterical
700	2	1	1	8.39225	hour
701	1	0	1	8.39225	hers
702	1	0	1	8.39225	harold
703	1	0	1	8.39225	haired
704	1	1	0	8.39225	grizzle
705	1	0	1	8.39225	goes
706	1	1	0	8.39225	glass
707	1	0	1	8.39225	fruit
708	1	0	1	8.39225	flowers
709	1	1	0	8.39225	fingers
710	1	1	0	8.39225	fill
711	5	4	1	8.39225	even
712	2	1	1	8.39225	edith
713	1	0	1	8.39225	edge
714	1	1	0	8.39225	dumb
715	1	1	0	8.39225	dulness
716	1	1	0	8.39225	detest
717	1	1	0	8.39225	daresay
718	1	0	1	8.39225	cut
719	1	0	1	8.39225	covers
720	1	0	1	8.39225	consider
721	1	0	1	8.39225	conscious
722	1	0	1	8.39225	conceive
723	1	0	1	8.39225	compare
724	3	2	1	8.39225	coming
725	1	1	0	8.39225	certain
726	1	1	0	8.39225	catch
727	1	1	0	8.39225	calling
728	2	0	2	8.39225	brought
729	1	0	1	8.39225	brilliant
730	1	1	0	8.39225	blue
731	1	1	0	8.39225	birthday
732	1	1	0	8.39225	becomes
733	1	1	0	8.39225	bartholomew
734	1	1	0	8.39225	avoid
735	1	1	0	8.39225	affectionate
736	2	1	1	8.39225	affair
737	24	14	10	8.33336	by
738	7	6	1	8.32514	things
739	7	1	6	8.32514	going
740	5	3	2	8.29914	room
741	5	3	2	8.29914	house
742	5	4	1	8.29914	dinner
743	12	8	4	8.27678	life
744	7	2	5	8.26101	way
745	6	1	5	8.24025	written
746	3	0	3	8.24025	white
747	3	0	3	8.24025	looking
748	3	1	2	8.24025	however
749	5	3	2	8.21168	nelly
750	11	6	5	8.18872	see
751	10	3	7	8.16986	who
752	2	0	2	8.16986	virginia
753	4	3	1	8.16986	tell
754	2	1	1	8.16986	story
755	4	2	2	8.16986	something
756	2	2	0	8.16986	page
757	2	1	1	8.16986	o
758	2	0	2	8.16986	nor
759	2	1	1	8.16986	nervous
760	2	1	1	8.16986	motor
761	6	4	2	8.16986	having
762	2	1	1	8.16986	hard
763	2	2	0	8.16986	give
764	2	0	2	8.16986	dress
765	6	1	5	8.16986	d
766	2	2	0	8.16986	asking
767	27	6	21	8.14714	has
768	5	4	1	8.12922	take
769	9	7	2	8.10275	must
770	6	3	3	8.10275	days
771	10	8	2	8.08969	never
772	8	5	3	8.07032	being
773	10	5	5	8.05122	too
774	5	3	2	8.05122	though
775	8	2	6	7.97721	yet
776	3	2	1	7.97721	yesterday
777	1	1	0	7.97721	wait
778	1	1	0	7.97721	violet
779	1	0	1	7.97721	viola
780	1	1	0	7.97721	thoughts
781	1	1	0	7.97721	swift
782	1	0	1	7.97721	struck
783	1	0	1	7.97721	start
784	1	0	1	7.97721	spend
785	1	0	1	7.97721	soul
786	1	0	1	7.97721	sees
787	3	0	3	7.97721	saw
788	1	1	0	7.97721	ring
789	1	0	1	7.97721	ready
790	1	0	1	7.97721	queer
791	1	1	0	7.97721	profound
792	1	1	0	7.97721	opinion
793	1	1	0	7.97721	names
794	5	2	3	7.97721	most
795	4	3	1	7.97721	moment
796	2	1	1	7.97721	lunch
797	1	1	0	7.97721	lucky
798	3	1	2	7.97721	letter
799	1	0	1	7.97721	john
800	1	1	0	7.97721	jack
801	1	0	1	7.97721	italy
802	1	1	0	7.97721	instance
803	1	1	0	7.97721	holiday
804	17	8	9	7.97721	had
805	1	0	1	7.97721	habit
806	1	0	1	7.97721	gwen
807	1	1	0	7.97721	flattery
808	1	0	1	7.97721	figure
809	1	0	1	7.97721	face
810	1	0	1	7.97721	expression
811	1	0	1	7.97721	except
812	1	1	0	7.97721	enormous
813	2	2	0	7.97721	dull
814	2	1	1	7.97721	dine
815	1	1	0	7.97721	criticism
816	1	1	0	7.97721	compared
817	1	1	0	7.97721	charleston
818	1	1	0	7.97721	chance
819	1	1	0	7.97721	building
820	1	1	0	7.97721	bore
821	1	0	1	7.97721	asks
822	1	0	1	7.97721	appeared
823	3	3	0	7.97721	also
824	9	5	4	7.93769	should
825	6	4	2	7.91832	good
826	15	7	8	7.90683	very
827	7	3	4	7.87768	you
828	35	17	18	7.86809	me
829	21	10	11	7.86174	like
830	3	1	2	7.86174	everything
831	3	1	2	7.86174	character
832	8	2	6	7.84793	again
833	7	3	4	7.83037	come
834	2	1	1	7.80729	sold
835	6	2	4	7.80729	own
836	4	2	2	7.80729	leonard
837	2	1	1	7.80729	left
838	2	0	2	7.80729	chair
839	2	1	1	7.80729	behind
840	8	5	3	7.80729	after
841	38	17	21	7.78220	on
842	81	28	53	7.77403	is
843	3	1	2	7.75482	sat
844	3	3	0	7.75482	once
845	9	2	7	7.75482	off
846	3	3	0	7.75482	next
847	30	13	17	7.74455	so
848	43	21	22	7.73814	with
849	23	15	8	7.73259	s
850	8	0	8	7.72929	came
851	7	4	3	7.69711	mrs
852	40	21	19	7.69181	that
853	9	4	5	7.68771	been
854	1	0	1	7.65529	women
855	2	0	2	7.65529	wish
856	2	1	1	7.65529	weeks
857	5	2	3	7.65529	want
858	1	1	0	7.65529	took
859	3	0	3	7.65529	their
860	1	0	1	7.65529	telephone
861	2	1	1	7.65529	rose
862	1	1	0	7.65529	play
863	1	1	0	7.65529	piano
864	1	0	1	7.65529	order
865	7	2	5	7.65529	old
866	4	2	2	7.65529	nothing
867	5	2	3	7.65529	new
868	1	0	1	7.65529	modest
869	3	0	3	7.65529	maynard
870	1	0	1	7.65529	logan
871	1	1	0	7.65529	lack
872	1	1	0	7.65529	jacob
873	1	1	0	7.65529	ill
874	1	1	0	7.65529	hot
875	1	1	0	7.65529	gossip
876	2	0	2	7.65529	friday
877	2	1	1	7.65529	few
878	1	0	1	7.65529	felt
879	1	1	0	7.65529	dusty
880	1	0	1	7.65529	dogs
881	1	0	1	7.65529	deep
882	1	1	0	7.65529	damp
883	2	0	2	7.65529	dadie
884	1	0	1	7.65529	curious
885	1	0	1	7.65529	colefax
886	1	0	1	7.65529	carpets
887	2	1	1	7.65529	cant
888	1	1	0	7.65529	business
889	1	1	0	7.65529	brace
890	1	0	1	7.65529	beginning
891	1	0	1	7.65529	beautiful
892	1	0	1	7.65529	articles
893	2	0	2	7.65529	alone
894	2	2	0	7.65529	ago
895	125	61	64	7.64608	to
896	7	5	2	7.61464	book
897	4	4	0	7.58490	two
898	6	1	5	7.56218	night
899	3	1	2	7.56218	monday
900	3	2	1	7.56218	always
901	5	2	3	7.54426	did
902	63	26	37	7.52823	in
903	91	50	41	7.51923	a
904	2	2	0	7.51778	saturday
905	2	1	1	7.51778	right
906	2	1	1	7.51778	lytton
907	2	0	2	7.51778	done
908	2	1	1	7.51778	death
909	21	16	5	7.51155	then
910	5	4	1	7.49179	nessa
911	5	4	1	7.49179	make
912	13	4	9	7.48783	an
913	3	2	1	7.47471	usual
914	7	4	3	7.46264	write
915	6	2	4	7.43289	much
916	19	11	8	7.41779	as
917	22	10	12	7.41428	all
918	1	1	0	7.39225	writer
919	1	1	0	7.39225	window
920	1	0	1	7.39225	vanity
921	1	0	1	7.39225	society
922	1	1	0	7.39225	sit
923	1	0	1	7.39225	short
924	1	1	0	7.39225	seriously
925	1	0	1	7.39225	scarcely
926	2	1	1	7.39225	run
927	2	2	0	7.39225	quite
928	1	0	1	7.39225	poetry
929	1	1	0	7.39225	parts
930	1	0	1	7.39225	pale
931	1	0	1	7.39225	morgan
932	2	2	0	7.39225	men
933	2	1	1	7.39225	light
934	1	0	1	7.39225	january
935	1	0	1	7.39225	ideas
936	1	1	0	7.39225	hope
937	3	1	2	7.39225	home
938	1	1	0	7.39225	full
939	1	0	1	7.39225	feelings
940	2	0	2	7.39225	ever
941	3	1	2	7.39225	end
942	1	0	1	7.39225	duncan
943	1	1	0	7.39225	desire
944	6	2	4	7.39225	can
945	1	0	1	7.39225	break
946	1	0	1	7.39225	began
947	3	2	1	7.39225	because
948	1	1	0	7.39225	article
949	1	0	1	7.39225	already
950	1	0	1	7.39225	against
951	1	1	0	7.39225	afternoon
952	6	3	3	7.35272	over
953	7	2	5	7.32514	here
954	7	4	3	7.32514	do
955	9	4	5	7.31425	how
956	3	1	2	7.31425	down
957	5	1	4	7.29914	great
958	9	3	6	7.28916	will
959	2	1	1	7.27678	party
960	2	1	1	7.27678	lady
961	2	0	2	7.27678	does
962	2	0	2	7.27678	comes
963	11	7	4	7.26672	about
964	5	3	2	7.25475	than
965	5	3	2	7.25475	people
966	26	12	14	7.23471	but
967	7	2	5	7.22998	and
968	12	7	5	7.22233	which
969	29	15	14	7.18414	this
970	1	0	1	7.16986	young
971	2	0	2	7.16986	word
972	2	2	0	7.16986	where
973	1	1	0	7.16986	water
974	1	0	1	7.16986	voice
975	10	5	5	7.16986	up
976	1	1	0	7.16986	sunday
977	1	0	1	7.16986	side
978	1	1	0	7.16986	rate
979	4	3	1	7.16986	only
980	6	4	2	7.16986	may
981	1	1	0	7.16986	hand
982	1	1	0	7.16986	grey
983	2	1	1	7.16986	found
984	1	1	0	7.16986	finish
985	1	1	0	7.16986	country
986	1	0	1	7.16986	complete
987	5	3	2	7.16986	clive
988	1	0	1	7.16986	case
989	1	0	1	7.16986	best
990	31	17	14	7.15662	my
991	116	60	56	7.15045	i
992	20	10	10	7.14940	have
993	4	0	4	7.11923	could
994	3	2	1	7.10275	first
995	17	12	5	7.09889	be
996	8	2	6	7.09457	l
997	2	0	2	7.07032	long
998	2	2	0	7.07032	just
999	69	46	23	7.06060	of
1000	12	10	2	7.03862	think
1001	3	2	1	7.03862	thing
1002	3	3	0	7.03862	morning
1003	4	3	1	7.02302	our
1004	4	2	2	7.02302	into
1005	37	20	17	7.02176	it
1006	5	3	2	7.01374	these
1007	6	4	2	7.00759	rather
1008	9	7	2	6.97721	what
1009	1	1	0	6.97721	wh
1010	1	0	1	6.97721	upon
1011	1	1	0	6.97721	middle
1012	6	2	4	6.97721	last
1013	2	2	0	6.97721	know
1014	1	0	1	6.97721	indeed
1015	5	0	5	6.97721	go
1016	1	0	1	6.97721	dining
1017	1	1	0	6.97721	common
1018	2	1	1	6.97721	clothes
1019	3	3	0	6.97721	books
1020	1	0	1	6.97721	black
1021	1	0	1	6.97721	become
1022	3	3	0	6.97721	any
1023	7	3	4	6.95168	him
1024	19	11	8	6.93052	for
1025	7	1	6	6.92659	there
1026	20	11	9	6.91544	at
1027	4	3	1	6.88975	time
1028	4	2	2	6.88975	get
1029	13	6	7	6.85748	not
1030	8	1	7	6.84793	no
1031	4	4	0	6.84793	m
1032	6	3	3	6.83426	more
1033	1	1	0	6.80729	words
1034	1	1	0	6.80729	woolf
1035	2	1	1	6.80729	why
1036	1	0	1	6.80729	wants
1037	2	2	0	6.80729	thought
1038	2	1	1	6.80729	talk
1039	1	0	1	6.80729	put
1040	1	0	1	6.80729	mean
1041	1	1	0	6.80729	knows
1042	1	0	1	6.80729	gone
1043	7	4	3	6.80729	from
1044	1	0	1	6.80729	finished
1045	1	0	1	6.80729	evening
1046	1	1	0	6.80729	anyhow
1047	3	2	1	6.75482	were
1048	13	7	6	6.74692	he
1049	10	5	5	6.71418	one
1050	7	1	6	6.69711	am
1051	4	1	3	6.69181	when
1052	2	1	1	6.65529	work
1053	1	1	0	6.65529	under
1054	1	0	1	6.65529	tonight
1055	1	1	0	6.65529	tomorrow
1056	2	0	2	6.65529	th
1057	1	0	1	6.65529	talked
1058	1	1	0	6.65529	saying
1059	2	2	0	6.65529	reading
1060	1	1	0	6.65529	might
1061	1	0	1	6.65529	father
1062	1	1	0	6.65529	far
1063	1	0	1	6.65529	cold
1064	99	44	55	6.65092	the
1065	5	2	3	6.62672	little
1066	5	4	1	6.62672	if
1067	3	1	2	6.60798	say
1068	3	2	1	6.51778	us
1069	1	1	0	6.51778	same
1070	1	1	0	6.51778	remember
1071	1	0	1	6.51778	really
1072	1	1	0	6.51778	oh
1073	1	1	0	6.51778	london
1074	2	2	0	6.51778	feel
1075	1	0	1	6.51778	doing
1076	1	0	1	6.51778	desmond
1077	1	0	1	6.51778	called
1078	1	1	0	6.51778	brain
1079	1	0	1	6.51778	begin
1080	6	1	5	6.49609	his
1081	2	1	1	6.45365	well
1082	3	0	3	6.39225	writing
1083	2	2	0	6.39225	week
1084	1	1	0	6.39225	walk
1085	1	0	1	6.39225	square
1086	7	3	4	6.39225	out
1087	1	1	0	6.39225	find
1088	1	1	0	6.39225	enough
1089	4	2	2	6.36251	shall
1090	6	2	4	6.35272	are
1091	1	1	0	6.27678	since
1092	1	1	0	6.27678	set
1093	2	2	0	6.27678	mind
1094	1	0	1	6.27678	look
1095	7	4	3	6.22998	now
1096	1	0	1	6.16986	state
1097	1	1	0	6.16986	almost
1098	1	1	0	6.07032	year
1099	1	0	1	6.07032	still
1100	1	1	0	6.07032	making
1101	1	1	0	6.07032	feeling
1102	1	0	1	6.07032	both
1103	2	0	2	6.07032	back
1104	9	1	8	6.05968	we
1105	1	0	1	5.97721	whole
1106	1	1	0	5.97721	round
1107	2	1	1	5.97721	read
1108	1	0	1	5.88975	through
1109	1	0	1	5.88975	suppose
1110	1	0	1	5.88975	man
1111	3	2	1	5.83426	t
1112	1	0	1	5.72929	went
1113	2	1	1	5.72929	them
1114	1	1	0	5.72929	strike
1115	1	1	0	5.72929	day
1116	1	1	0	5.65529	years
1117	1	0	1	5.65529	today
1118	1	1	0	5.65529	dont
1119	2	0	2	5.61966	they
1120	3	1	2	5.53981	or
1121	1	1	0	5.27678	c
1122	1	1	0	4.93282	lighthouse
1123	1	0	1	4.69181	some
